# Coherent scattering form factor
# (Excerpt from EPICS2017 / EPDL)
#
# Momentum  Form-factor
#  (MeV)
#
0.00000E+00 3.40000E+01
2.47969E-05 3.40000E+01
4.95937E-05 3.39948E+01
9.91875E-05 3.39897E+01
1.23984E-04 3.39880E+01
1.66603E-04 3.39786E+01
1.95662E-04 3.39735E+01
2.30534E-04 3.39683E+01
2.47969E-04 3.39660E+01
3.71953E-04 3.39320E+01
4.64941E-04 3.38938E+01
4.95937E-04 3.38790E+01
6.19922E-04 3.38110E+01
6.27361E-04 3.38057E+01
7.43906E-04 3.37300E+01
9.29882E-04 3.35809E+01
9.91875E-04 3.35260E+01
1.17785E-03 3.33390E+01
1.23984E-03 3.32720E+01
1.36383E-03 3.31274E+01
1.54980E-03 3.28879E+01
1.61180E-03 3.28027E+01
1.73578E-03 3.26280E+01
1.95275E-03 3.22989E+01
2.10773E-03 3.20500E+01
2.13873E-03 3.19981E+01
2.23172E-03 3.18470E+01
2.47969E-03 3.14240E+01
2.75096E-03 3.09369E+01
2.94463E-03 3.05772E+01
2.98331E-03 3.05057E+01
3.09961E-03 3.02900E+01
3.40957E-03 2.97055E+01
3.56455E-03 2.94154E+01
3.71953E-03 2.91270E+01
4.18447E-03 2.82711E+01
4.33945E-03 2.79930E+01
4.80439E-03 2.71714E+01
4.95937E-03 2.69080E+01
5.57929E-03 2.58934E+01
5.88926E-03 2.54134E+01
6.19922E-03 2.49530E+01
6.81914E-03 2.40733E+01
7.12910E-03 2.36551E+01
7.43906E-03 2.32490E+01
7.96304E-03 2.25641E+01
8.52392E-03 2.18993E+01
9.45381E-03 2.08122E+01
9.91875E-03 2.02890E+01
1.04471E-02 1.96866E+01
1.10036E-02 1.91021E+01
1.19335E-02 1.81202E+01
1.23984E-02 1.76420E+01
1.29295E-02 1.70871E+01
1.34833E-02 1.65496E+01
1.44132E-02 1.56506E+01
1.48781E-02 1.52160E+01
1.54856E-02 1.46493E+01
1.61180E-02 1.41038E+01
1.67264E-02 1.35797E+01
1.73578E-02 1.30750E+01
1.82640E-02 1.23659E+01
1.92176E-02 1.16952E+01
1.98375E-02 1.12810E+01
2.04303E-02 1.09035E+01
2.13529E-02 1.03609E+01
2.23172E-02 9.84520E+00
2.35244E-02 9.27117E+00
2.47969E-02 8.73060E+00
2.55600E-02 8.44698E+00
2.63467E-02 8.17257E+00
2.78965E-02 7.70099E+00
2.86726E-02 7.49254E+00
2.98117E-02 7.22178E+00
3.09961E-02 6.96080E+00
3.23240E-02 6.71615E+00
3.37089E-02 6.48009E+00
3.56455E-02 6.20009E+00
3.71953E-02 6.00250E+00
3.98158E-02 5.70159E+00
4.26209E-02 5.41576E+00
4.33945E-02 5.33762E+00
4.56709E-02 5.10723E+00
4.82869E-02 4.83910E+00
4.95937E-02 4.70240E+00
5.17708E-02 4.45790E+00
5.34662E-02 4.28291E+00
5.61138E-02 4.03321E+00
5.88926E-02 3.79807E+00
6.19922E-02 3.57020E+00
6.46481E-02 3.40549E+00
6.74177E-02 3.24838E+00
6.98131E-02 3.10774E+00
7.12910E-02 3.01576E+00
7.14472E-02 3.00567E+00
7.34086E-02 2.87474E+00
7.43906E-02 2.80540E+00
7.59404E-02 2.69113E+00
7.75813E-02 2.56738E+00
8.01094E-02 2.39235E+00
8.27199E-02 2.22925E+00
8.47557E-02 2.12443E+00
8.67890E-02 2.04070E+00
8.83388E-02 1.99136E+00
8.96952E-02 1.95587E+00
9.43220E-02 1.86550E+00
9.91875E-02 1.77930E+00
1.02190E-01 1.71398E+00
1.04916E-01 1.64905E+00
1.07738E-01 1.57810E+00
1.10636E-01 1.51020E+00
1.13924E-01 1.43646E+00
1.17309E-01 1.36632E+00
1.21760E-01 1.28876E+00
1.23984E-01 1.25640E+00
1.27084E-01 1.21864E+00
1.29797E-01 1.19093E+00
1.34543E-01 1.15133E+00
1.41483E-01 1.10566E+00
1.48781E-01 1.06180E+00
1.54980E-01 1.02412E+00
1.61804E-01 9.81859E-01
1.68929E-01 9.41341E-01
1.73578E-01 9.16100E-01
1.81161E-01 8.76766E-01
1.89076E-01 8.39120E-01
1.98375E-01 7.93000E-01
2.07287E-01 7.46573E-01
2.14746E-01 7.07265E-01
2.23050E-01 6.64275E-01
2.31950E-01 6.19915E-01
2.39826E-01 5.82211E-01
2.47969E-01 5.46800E-01
2.55600E-01 5.14999E-01
2.63467E-01 4.85048E-01
2.68210E-01 4.67466E-01
2.75485E-01 4.42280E-01
2.82957E-01 4.18451E-01
2.91001E-01 3.93801E-01
2.99273E-01 3.70604E-01
3.08227E-01 3.46747E-01
3.17449E-01 3.24426E-01
3.27037E-01 3.02443E-01
3.36915E-01 2.81949E-01
3.45557E-01 2.64961E-01
3.54422E-01 2.48997E-01
3.63082E-01 2.34151E-01
3.71953E-01 2.20190E-01
3.79623E-01 2.08675E-01
3.87451E-01 1.97762E-01
3.94062E-01 1.88841E-01
4.04190E-01 1.76209E-01
4.14579E-01 1.64421E-01
4.24624E-01 1.53681E-01
4.34912E-01 1.43642E-01
4.42350E-01 1.36733E-01
4.53747E-01 1.26987E-01
4.65437E-01 1.17936E-01
4.72882E-01 1.12470E-01
4.84272E-01 1.04742E-01
4.95937E-01 9.75450E-02
5.07434E-01 9.09522E-02
5.19197E-01 8.48049E-02
5.30106E-01 7.94745E-02
5.38438E-01 7.56978E-02
5.51182E-01 7.03665E-02
5.64228E-01 6.54107E-02
5.74501E-01 6.17461E-02
5.82329E-01 5.91330E-02
5.94270E-01 5.54193E-02
6.06457E-01 5.19388E-02
6.20499E-01 4.81949E-02
6.31243E-01 4.55652E-02
6.39423E-01 4.36875E-02
6.51893E-01 4.10151E-02
6.64606E-01 3.85061E-02
6.77557E-01 3.61058E-02
6.87435E-01 3.44043E-02
7.02524E-01 3.20012E-02
7.17944E-01 2.97660E-02
7.33726E-01 2.76502E-02
7.45790E-01 2.61626E-02
7.54967E-01 2.50997E-02
7.68946E-01 2.35857E-02
7.83184E-01 2.21631E-02
7.93190E-01 2.12141E-02
8.11007E-01 1.96500E-02
8.24633E-01 1.85530E-02
8.35002E-01 1.77707E-02
8.50801E-01 1.66587E-02
8.66898E-01 1.56162E-02
8.78039E-01 1.49342E-02
8.97880E-01 1.38117E-02
9.13055E-01 1.30255E-02
9.24604E-01 1.24654E-02
9.42202E-01 1.16700E-02
9.60135E-01 1.09254E-02
9.78795E-01 1.02051E-02
9.95420E-01 9.61399E-03
1.01020E+00 9.12488E-03
1.02331E+00 8.71737E-03
1.03492E+00 8.37576E-03
1.05556E+00 7.80983E-03
1.07131E+00 7.41062E-03
1.09537E+00 6.84974E-03
1.11998E+00 6.33131E-03
1.13430E+00 6.05037E-03
1.14699E+00 5.81479E-03
1.16953E+00 5.42438E-03
1.18672E+00 5.14887E-03
1.21299E+00 4.76162E-03
1.23984E+00 4.40350E-03
1.25819E+00 4.17742E-03
1.27622E+00 3.96948E-03
1.29393E+00 3.77791E-03
1.31133E+00 3.60115E-03
1.32840E+00 3.43780E-03
1.34515E+00 3.28663E-03
1.36158E+00 3.14652E-03
1.37769E+00 3.01649E-03
1.39347E+00 2.89565E-03
1.40894E+00 2.78321E-03
1.43939E+00 2.57762E-03
1.46854E+00 2.39870E-03
1.49640E+00 2.24225E-03
1.52300E+00 2.10486E-03
1.54837E+00 1.98372E-03
1.57254E+00 1.87648E-03
1.59553E+00 1.78122E-03
1.61740E+00 1.69631E-03
1.63817E+00 1.62039E-03
1.65789E+00 1.55230E-03
1.67659E+00 1.49106E-03
1.71221E+00 1.38269E-03
1.74401E+00 1.29434E-03
1.77232E+00 1.22168E-03
1.79746E+00 1.16145E-03
1.81976E+00 1.11120E-03
1.85944E+00 1.02842E-03
1.88977E+00 9.70418E-04
1.91284E+00 9.29070E-04
1.94797E+00 8.70328E-04
1.98375E+00 8.15300E-04
2.01161E+00 7.75654E-04
2.03808E+00 7.40238E-04
2.06322E+00 7.08506E-04
2.08707E+00 6.79994E-04
2.13252E+00 6.29590E-04
2.17311E+00 5.88561E-04
2.20926E+00 5.54860E-04
2.24138E+00 5.26958E-04
2.26987E+00 5.03698E-04
2.32059E+00 4.65435E-04
2.35938E+00 4.38658E-04
2.38890E+00 4.19591E-04
2.43387E+00 3.92533E-04
2.47969E+00 3.67220E-04
2.50876E+00 3.52414E-04
2.56418E+00 3.26244E-04
2.61369E+00 3.04944E-04
2.65778E+00 2.87450E-04
2.69698E+00 2.72969E-04
2.73175E+00 2.60897E-04
2.76254E+00 2.50773E-04
2.81726E+00 2.33992E-04
2.85902E+00 2.22148E-04
2.92281E+00 2.05496E-04
2.98802E+00 1.90092E-04
3.04949E+00 1.77053E-04
3.10432E+00 1.66380E-04
3.15309E+00 1.57570E-04
3.19640E+00 1.50244E-04
3.23479E+00 1.44115E-04
3.30307E+00 1.33983E-04
3.35523E+00 1.26855E-04
3.39489E+00 1.21759E-04
3.45525E+00 1.14496E-04
3.51669E+00 1.07666E-04
3.55828E+00 1.03387E-04
3.63758E+00 9.58157E-05
3.70842E+00 8.96474E-05
3.77154E+00 8.45768E-05
3.82765E+00 8.03758E-05
3.87743E+00 7.68715E-05
3.96610E+00 7.11026E-05
4.03394E+00 6.70618E-05
4.08557E+00 6.41827E-05
4.16427E+00 6.00941E-05
4.24448E+00 5.62659E-05
4.33189E+00 5.24847E-05
4.40985E+00 4.93853E-05
4.47922E+00 4.68237E-05
4.54081E+00 4.46916E-05
4.59540E+00 4.29058E-05
4.69251E+00 3.99507E-05
4.76668E+00 3.78686E-05
4.82308E+00 3.63787E-05
4.90894E+00 3.42529E-05
4.99632E+00 3.22513E-05
5.06976E+00 3.06973E-05
5.13491E+00 2.93991E-05
5.25094E+00 2.72580E-05
5.33968E+00 2.57551E-05
5.40722E+00 2.46826E-05
5.51013E+00 2.31569E-05
5.61500E+00 2.17256E-05
5.68333E+00 2.08619E-05
5.81370E+00 1.93339E-05
5.93022E+00 1.80889E-05
6.03408E+00 1.70656E-05
6.12646E+00 1.62177E-05
6.20845E+00 1.55105E-05
6.35458E+00 1.43463E-05
6.46643E+00 1.35308E-05
6.55161E+00 1.29497E-05
6.68148E+00 1.21246E-05
6.81393E+00 1.13521E-05
6.90694E+00 1.08528E-05
6.99530E+00 1.04047E-05
7.07915E+00 1.00013E-05
7.23911E+00 9.28680E-06
7.38202E+00 8.70358E-06
7.50939E+00 8.22339E-06
7.62264E+00 7.82501E-06
7.72313E+00 7.49228E-06
7.90219E+00 6.94370E-06
8.03920E+00 6.55878E-06
8.14352E+00 6.28417E-06
8.30254E+00 5.89365E-06
8.46466E+00 5.52740E-06
8.64066E+00 5.16609E-06
8.79766E+00 4.86936E-06
8.93737E+00 4.62375E-06
9.06144E+00 4.41902E-06
9.17141E+00 4.24733E-06
9.36708E+00 3.96277E-06
9.51657E+00 3.76193E-06
9.74529E+00 3.47959E-06
9.97950E+00 3.21845E-06
1.01941E+01 3.00279E-06
1.03857E+01 2.82598E-06
1.05563E+01 2.67983E-06
1.07079E+01 2.55816E-06
1.08423E+01 2.45624E-06
1.10816E+01 2.28756E-06
1.12645E+01 2.16869E-06
1.14037E+01 2.08361E-06
1.16157E+01 1.96221E-06
1.18316E+01 1.84788E-06
1.21055E+01 1.71604E-06
1.23503E+01 1.60842E-06
1.25686E+01 1.51981E-06
1.27628E+01 1.44628E-06
1.29351E+01 1.38487E-06
1.32424E+01 1.28361E-06
1.34776E+01 1.21256E-06
1.36567E+01 1.16186E-06
1.39299E+01 1.08976E-06
1.42086E+01 1.02213E-06
1.44197E+01 9.74915E-07
1.46205E+01 9.32633E-07
1.48112E+01 8.94661E-07
1.51756E+01 8.27580E-07
1.55018E+01 7.73024E-07
1.57930E+01 7.28246E-07
1.60522E+01 6.91198E-07
1.62826E+01 6.60330E-07
1.64868E+01 6.34454E-07
1.68504E+01 5.91587E-07
1.71284E+01 5.61348E-07
1.73399E+01 5.39687E-07
1.76620E+01 5.08754E-07
1.79901E+01 4.79593E-07
1.82448E+01 4.58624E-07
1.84869E+01 4.39800E-07
1.87167E+01 4.22854E-07
1.91554E+01 3.92820E-07
1.95477E+01 3.68296E-07
1.98975E+01 3.48097E-07
2.02087E+01 3.31333E-07
2.04850E+01 3.17329E-07
2.09777E+01 2.94230E-07
2.13550E+01 2.78017E-07
2.16424E+01 2.66445E-07
2.20807E+01 2.49985E-07
2.25280E+01 2.34542E-07
2.30749E+01 2.17396E-07
2.34939E+01 2.05365E-07
2.38131E+01 1.96780E-07
2.43000E+01 1.84571E-07
2.47969E+01 1.73120E-07
2.52579E+01 1.63374E-07
2.56979E+01 1.54736E-07
2.61174E+01 1.47053E-07
2.65169E+01 1.40197E-07
2.68969E+01 1.34060E-07
2.72582E+01 1.28551E-07
2.76013E+01 1.23592E-07
2.82562E+01 1.14804E-07
2.88420E+01 1.07628E-07
2.93646E+01 1.01718E-07
2.98295E+01 9.68139E-08
3.02424E+01 9.27170E-08
3.09788E+01 8.59603E-08
3.15428E+01 8.12179E-08
3.19726E+01 7.78336E-08
3.26282E+01 7.30197E-08
3.32972E+01 6.85035E-08
3.38823E+01 6.48797E-08
3.44402E+01 6.16568E-08
3.49715E+01 5.87808E-08
3.54771E+01 5.62065E-08
3.59577E+01 5.38956E-08
3.64141E+01 5.18155E-08
3.72857E+01 4.81292E-08
3.80654E+01 4.51195E-08
3.87610E+01 4.26408E-08
3.93801E+01 4.05840E-08
3.99299E+01 3.88657E-08
4.09106E+01 3.60320E-08
4.16619E+01 3.40432E-08
4.22344E+01 3.26239E-08
4.31079E+01 3.06052E-08
4.39996E+01 2.87114E-08
4.50987E+01 2.66026E-08
4.61540E+01 2.47665E-08
4.71659E+01 2.31604E-08
4.81346E+01 2.17494E-08
4.90608E+01 2.05047E-08
4.99453E+01 1.94027E-08
5.07890E+01 1.84233E-08
5.15929E+01 1.75501E-08
5.23582E+01 1.67691E-08
5.30859E+01 1.60685E-08
5.37773E+01 1.54383E-08
5.50980E+01 1.43226E-08
5.62803E+01 1.34126E-08
5.73355E+01 1.26640E-08
5.82751E+01 1.20433E-08
5.91098E+01 1.15252E-08
6.05995E+01 1.06715E-08
6.17414E+01 1.00731E-08
6.26118E+01 9.64635E-09
6.39406E+01 9.03992E-09
6.52976E+01 8.47161E-09
6.67644E+01 7.91445E-09
6.81694E+01 7.42545E-09
6.95135E+01 6.99448E-09
7.07976E+01 6.61319E-09
7.20230E+01 6.27463E-09
7.31911E+01 5.97299E-09
7.43033E+01 5.70339E-09
7.53614E+01 5.46170E-09
7.63671E+01 5.24442E-09
7.82890E+01 4.86006E-09
8.00102E+01 4.54692E-09
8.15474E+01 4.28951E-09
8.29166E+01 4.07627E-09
8.41335E+01 3.89840E-09
8.52129E+01 3.74914E-09
8.71353E+01 3.50155E-09
8.86056E+01 3.32665E-09
9.08576E+01 3.08054E-09
9.31668E+01 2.85264E-09
9.48270E+01 2.70400E-09
9.64634E+01 2.56739E-09
9.80757E+01 2.44164E-09
9.96633E+01 2.32569E-09
