# Coherent scattering form factor
# (Excerpt from EPICS2017 / EPDL)
#
# Momentum  Form-factor
#  (MeV)
#
0.00000E+00 9.20000E+01
2.47969E-05 9.20000E+01
4.95937E-05 9.19823E+01
9.91875E-05 9.19647E+01
1.23984E-04 9.19590E+01
1.85976E-04 9.19210E+01
2.32471E-04 9.19001E+01
2.47969E-04 9.18940E+01
3.09961E-04 9.18470E+01
3.71953E-04 9.17970E+01
4.64941E-04 9.16859E+01
4.95937E-04 9.16430E+01
5.88926E-04 9.15002E+01
6.19922E-04 9.14480E+01
6.27361E-04 9.14335E+01
7.12910E-04 9.12777E+01
7.43906E-04 9.12160E+01
8.05898E-04 9.10785E+01
8.98886E-04 9.08671E+01
9.91875E-04 9.06540E+01
1.10036E-03 9.03795E+01
1.19335E-03 9.01261E+01
1.23984E-03 9.00030E+01
1.36383E-03 8.96318E+01
1.45682E-03 8.93381E+01
1.59630E-03 8.88820E+01
1.61180E-03 8.88280E+01
1.73578E-03 8.84150E+01
1.95275E-03 8.76713E+01
2.23172E-03 8.66900E+01
2.47969E-03 8.57880E+01
3.09961E-03 8.35490E+01
3.71953E-03 8.12640E+01
4.33945E-03 7.89780E+01
4.95937E-03 7.67060E+01
5.40435E-03 7.49916E+01
5.88926E-03 7.33155E+01
6.19922E-03 7.22210E+01
6.64792E-03 7.06193E+01
7.12910E-03 6.90531E+01
7.43906E-03 6.80500E+01
7.96304E-03 6.63669E+01
8.52392E-03 6.47255E+01
8.67890E-03 6.42794E+01
9.45381E-03 6.21067E+01
9.91875E-03 6.08640E+01
1.05204E-02 5.92826E+01
1.11586E-02 5.77423E+01
1.17785E-02 5.62648E+01
1.23984E-02 5.48420E+01
1.36383E-02 5.21201E+01
1.48781E-02 4.95680E+01
1.57806E-02 4.77760E+01
1.67379E-02 4.60487E+01
1.73578E-02 4.49610E+01
1.85563E-02 4.29359E+01
1.98375E-02 4.10020E+01
2.10408E-02 3.92689E+01
2.23172E-02 3.76090E+01
2.35244E-02 3.61018E+01
2.47969E-02 3.46550E+01
2.61181E-02 3.31906E+01
2.75096E-02 3.17881E+01
2.78965E-02 3.14022E+01
2.98331E-02 2.95490E+01
3.09961E-02 2.84880E+01
3.23240E-02 2.72915E+01
3.37089E-02 2.61453E+01
3.56455E-02 2.45979E+01
3.60323E-02 2.42990E+01
3.71953E-02 2.34330E+01
3.84832E-02 2.24959E+01
4.04992E-02 2.11600E+01
4.26209E-02 1.99035E+01
4.45154E-02 1.88868E+01
4.64941E-02 1.79221E+01
4.72703E-02 1.75767E+01
4.95937E-02 1.66330E+01
5.16811E-02 1.59125E+01
5.38563E-02 1.52233E+01
5.67625E-02 1.44513E+01
5.88926E-02 1.39666E+01
6.02489E-02 1.36866E+01
6.19922E-02 1.33590E+01
6.57526E-02 1.27322E+01
6.97412E-02 1.21349E+01
7.12910E-02 1.18955E+01
7.28408E-02 1.16474E+01
7.43906E-02 1.13920E+01
7.66137E-02 1.09841E+01
8.00734E-02 1.03994E+01
8.36894E-02 9.84584E+00
8.67890E-02 9.42650E+00
9.05807E-02 9.00560E+00
9.45381E-02 8.60349E+00
9.76377E-02 8.27975E+00
9.91875E-02 8.10740E+00
1.02287E-01 7.73802E+00
1.05000E-01 7.40347E+00
1.07347E-01 7.10967E+00
1.09746E-01 6.82753E+00
1.13695E-01 6.38751E+00
1.17785E-01 5.97585E+00
1.18646E-01 5.89695E+00
1.22204E-01 5.60040E+00
1.23984E-01 5.46920E+00
1.28440E-01 5.19010E+00
1.32170E-01 4.99723E+00
1.38101E-01 4.74365E+00
1.43342E-01 4.55721E+00
1.48781E-01 4.37810E+00
1.54627E-01 4.20201E+00
1.63829E-01 3.95106E+00
1.73578E-01 3.71510E+00
1.79670E-01 3.58599E+00
1.85976E-01 3.46137E+00
1.92176E-01 3.33521E+00
1.98375E-01 3.20160E+00
2.04574E-01 3.05902E+00
2.10000E-01 2.93131E+00
2.16120E-01 2.78289E+00
2.20826E-01 2.67653E+00
2.28079E-01 2.52456E+00
2.35570E-01 2.38122E+00
2.41690E-01 2.27557E+00
2.47969E-01 2.17460E+00
2.53596E-01 2.09787E+00
2.59350E-01 2.02385E+00
2.69790E-01 1.91111E+00
2.82560E-01 1.79839E+00
2.98629E-01 1.68567E+00
3.09961E-01 1.62050E+00
3.12069E-01 1.60935E+00
3.22591E-01 1.55980E+00
3.33468E-01 1.51177E+00
3.47601E-01 1.45994E+00
3.62332E-01 1.40988E+00
3.71953E-01 1.38100E+00
3.89973E-01 1.33116E+00
4.18654E-01 1.25974E+00
4.49443E-01 1.19216E+00
4.80439E-01 1.12624E+00
4.95937E-01 1.09400E+00
5.12906E-01 1.05787E+00
5.30455E-01 1.02294E+00
5.46744E-01 9.89509E-01
5.63534E-01 9.57171E-01
5.84279E-01 9.16498E-01
6.05787E-01 8.77554E-01
6.25286E-01 8.42052E-01
6.45413E-01 8.07986E-01
6.63412E-01 7.77724E-01
6.81914E-01 7.48595E-01
6.82583E-01 7.47541E-01
7.07699E-01 7.08649E-01
7.33739E-01 6.71781E-01
7.56834E-01 6.39883E-01
7.80655E-01 6.09500E-01
8.08848E-01 5.74706E-01
8.38060E-01 5.41899E-01
8.55556E-01 5.22630E-01
8.82488E-01 4.95004E-01
9.10268E-01 4.68838E-01
9.39986E-01 4.41927E-01
9.70673E-01 4.16561E-01
1.00376E+00 3.90678E-01
1.03797E+00 3.66403E-01
1.07342E+00 3.42760E-01
1.11008E+00 3.20642E-01
1.13111E+00 3.08480E-01
1.16339E+00 2.91095E-01
1.19660E+00 2.74691E-01
1.21803E+00 2.64574E-01
1.23984E+00 2.54830E-01
1.26246E+00 2.45041E-01
1.29717E+00 2.31058E-01
1.33283E+00 2.17873E-01
1.37291E+00 2.03983E-01
1.41419E+00 1.90978E-01
1.44852E+00 1.80796E-01
1.47481E+00 1.73517E-01
1.51514E+00 1.63144E-01
1.55657E+00 1.53392E-01
1.60133E+00 1.43480E-01
1.63574E+00 1.36469E-01
1.66203E+00 1.31436E-01
1.70226E+00 1.24233E-01
1.74347E+00 1.17424E-01
1.77183E+00 1.12921E-01
1.82259E+00 1.05451E-01
1.86161E+00 1.00175E-01
1.89142E+00 9.63922E-02
1.93703E+00 9.09839E-02
1.98375E+00 8.58790E-02
2.02682E+00 8.14207E-02
2.06528E+00 7.77100E-02
2.09953E+00 7.46021E-02
2.16083E+00 6.94594E-02
2.20799E+00 6.58364E-02
2.24402E+00 6.32437E-02
2.29918E+00 5.95448E-02
2.35570E+00 5.60623E-02
2.41690E+00 5.25763E-02
2.47969E+00 4.93070E-02
2.55497E+00 4.57322E-02
2.62271E+00 4.28175E-02
2.68345E+00 4.04200E-02
2.73776E+00 3.84325E-02
2.78618E+00 3.67738E-02
2.82924E+00 3.53812E-02
2.90622E+00 3.30700E-02
2.96532E+00 3.14362E-02
3.01044E+00 3.02640E-02
3.07940E+00 2.85872E-02
3.14995E+00 2.70033E-02
3.22415E+00 2.54556E-02
3.29529E+00 2.40852E-02
3.36342E+00 2.28676E-02
3.42857E+00 2.17821E-02
3.49079E+00 2.08112E-02
3.55015E+00 1.99404E-02
3.60671E+00 1.91571E-02
3.71521E+00 1.77704E-02
3.81282E+00 1.66396E-02
3.90033E+00 1.57094E-02
3.97855E+00 1.49382E-02
4.04827E+00 1.42946E-02
4.11029E+00 1.37541E-02
4.22110E+00 1.28571E-02
4.30617E+00 1.22229E-02
4.37109E+00 1.17679E-02
4.47032E+00 1.11170E-02
4.57180E+00 1.05020E-02
4.65451E+00 1.00324E-02
4.73341E+00 9.61127E-03
4.80860E+00 9.23251E-03
4.95280E+00 8.56211E-03
5.08252E+00 8.01557E-03
5.19881E+00 7.56604E-03
5.30275E+00 7.19343E-03
5.39539E+00 6.88248E-03
5.47778E+00 6.62145E-03
5.62501E+00 6.18824E-03
5.73802E+00 5.88203E-03
5.82426E+00 5.66236E-03
5.95607E+00 5.34814E-03
6.09085E+00 5.05136E-03
6.22423E+00 4.77843E-03
6.35622E+00 4.52810E-03
6.48675E+00 4.29810E-03
6.61576E+00 4.08644E-03
6.74318E+00 3.89133E-03
6.86896E+00 3.71121E-03
6.99305E+00 3.54468E-03
7.11540E+00 3.39048E-03
7.23596E+00 3.24749E-03
7.35471E+00 3.11473E-03
7.47160E+00 2.99130E-03
7.58661E+00 2.87639E-03
7.69972E+00 2.76928E-03
7.92368E+00 2.57297E-03
8.13956E+00 2.40159E-03
8.34728E+00 2.25131E-03
8.54683E+00 2.11897E-03
8.73824E+00 2.00197E-03
8.92158E+00 1.89816E-03
9.09695E+00 1.80573E-03
9.26450E+00 1.72317E-03
9.42437E+00 1.64921E-03
9.57675E+00 1.58275E-03
9.72185E+00 1.52288E-03
9.99986E+00 1.41666E-03
1.02496E+01 1.32981E-03
1.04733E+01 1.25820E-03
1.06730E+01 1.19871E-03
1.08509E+01 1.14897E-03
1.11693E+01 1.06683E-03
1.14142E+01 1.00911E-03
1.16014E+01 9.67875E-04
1.18880E+01 9.09162E-04
1.21817E+01 8.54011E-04
1.24485E+01 8.07867E-04
1.27124E+01 7.65545E-04
1.29735E+01 7.26660E-04
1.32315E+01 6.90876E-04
1.34864E+01 6.57890E-04
1.37379E+01 6.27439E-04
1.39861E+01 5.99283E-04
1.42308E+01 5.73213E-04
1.44719E+01 5.49039E-04
1.47094E+01 5.26594E-04
1.49432E+01 5.05725E-04
1.51732E+01 4.86298E-04
1.53994E+01 4.68189E-04
1.58474E+01 4.35001E-04
1.62791E+01 4.06027E-04
1.66946E+01 3.80618E-04
1.70937E+01 3.58244E-04
1.74765E+01 3.38464E-04
1.78432E+01 3.20914E-04
1.81939E+01 3.05287E-04
1.85290E+01 2.91329E-04
1.88487E+01 2.78824E-04
1.91535E+01 2.67588E-04
1.94437E+01 2.57466E-04
1.99997E+01 2.39508E-04
2.04993E+01 2.24825E-04
2.09466E+01 2.12718E-04
2.13460E+01 2.02660E-04
2.17017E+01 1.94250E-04
2.23386E+01 1.80365E-04
2.28284E+01 1.70605E-04
2.32029E+01 1.63634E-04
2.37761E+01 1.53708E-04
2.43634E+01 1.44384E-04
2.47969E+01 1.38000E-04
2.52048E+01 1.32380E-04
2.56064E+01 1.27154E-04
2.60016E+01 1.22288E-04
2.67847E+01 1.13384E-04
2.75402E+01 1.05626E-04
2.82678E+01 9.88355E-05
2.89674E+01 9.28666E-05
2.96391E+01 8.75986E-05
3.02828E+01 8.29315E-05
3.08991E+01 7.87822E-05
3.14882E+01 7.50810E-05
3.20506E+01 7.17692E-05
3.25871E+01 6.87972E-05
3.30981E+01 6.61228E-05
3.40781E+01 6.13853E-05
3.49593E+01 5.75193E-05
3.57491E+01 5.43368E-05
3.64547E+01 5.16969E-05
3.70836E+01 4.94925E-05
3.76427E+01 4.76408E-05
3.86416E+01 4.45655E-05
3.94081E+01 4.23900E-05
4.05865E+01 3.93243E-05
4.18001E+01 3.64803E-05
4.27045E+01 3.45573E-05
4.35994E+01 3.27911E-05
4.44841E+01 3.11662E-05
4.53584E+01 2.96690E-05
4.62216E+01 2.82871E-05
4.70736E+01 2.70099E-05
4.79139E+01 2.58275E-05
4.87423E+01 2.47315E-05
4.95585E+01 2.37142E-05
5.03621E+01 2.27685E-05
5.11531E+01 2.18884E-05
5.19312E+01 2.10682E-05
5.34726E+01 1.95656E-05
5.49592E+01 1.82543E-05
5.63904E+01 1.71049E-05
5.77660E+01 1.60932E-05
5.90860E+01 1.51991E-05
6.03510E+01 1.44061E-05
6.15614E+01 1.37003E-05
6.27183E+01 1.30700E-05
6.38226E+01 1.25054E-05
6.48755E+01 1.19984E-05
6.58784E+01 1.15417E-05
6.78007E+01 1.07317E-05
6.95288E+01 1.00697E-05
7.10769E+01 9.52407E-06
7.24598E+01 9.07095E-06
7.36918E+01 8.69218E-06
7.58986E+01 8.06700E-06
7.75969E+01 7.62781E-06
7.88955E+01 7.31418E-06
8.08843E+01 6.86775E-06
8.29232E+01 6.44856E-06
8.47390E+01 6.10750E-06
8.65359E+01 5.79431E-06
8.83131E+01 5.50623E-06
9.00694E+01 5.24082E-06
9.18042E+01 4.99591E-06
9.35167E+01 4.76958E-06
9.52061E+01 4.56010E-06
9.68717E+01 4.36594E-06
9.85132E+01 4.18573E-06
