# Coherent scattering form factor
# (Excerpt from EPICS2017 / EPDL)
#
# Momentum  Form-factor
#  (MeV)
#
0.00000E+00 2.10000E+01
2.47969E-05 2.10000E+01
4.95937E-05 2.09944E+01
9.91875E-05 2.09888E+01
1.23984E-04 2.09870E+01
2.47969E-04 2.09580E+01
3.40957E-04 2.09251E+01
3.71953E-04 2.09130E+01
4.64941E-04 2.08633E+01
4.95937E-04 2.08460E+01
5.88926E-04 2.07834E+01
6.19922E-04 2.07620E+01
6.27361E-04 2.07556E+01
7.12910E-04 2.06874E+01
7.43906E-04 2.06620E+01
8.52392E-04 2.05598E+01
9.45381E-04 2.04663E+01
9.91875E-04 2.04180E+01
1.10036E-03 2.02956E+01
1.19335E-03 2.01865E+01
1.23984E-03 2.01300E+01
1.36383E-03 1.99679E+01
1.45682E-03 1.98415E+01
1.48781E-03 1.97996E+01
1.59630E-03 1.96457E+01
1.73578E-03 1.94460E+01
1.90626E-03 1.91956E+01
2.09224E-03 1.89193E+01
2.10773E-03 1.88960E+01
2.23172E-03 1.87120E+01
2.41769E-03 1.84320E+01
2.47969E-03 1.83410E+01
2.78965E-03 1.78904E+01
2.94463E-03 1.76724E+01
3.09961E-03 1.74580E+01
3.39545E-03 1.70400E+01
3.71953E-03 1.66320E+01
4.01755E-03 1.62409E+01
4.33945E-03 1.58590E+01
4.63907E-03 1.54877E+01
4.95937E-03 1.51250E+01
5.26021E-03 1.47631E+01
5.57929E-03 1.44098E+01
5.88926E-03 1.40601E+01
6.19922E-03 1.37160E+01
6.81914E-03 1.30447E+01
7.12910E-03 1.27188E+01
7.43906E-03 1.24020E+01
8.05898E-03 1.17915E+01
8.52392E-03 1.13598E+01
8.98886E-03 1.09515E+01
9.45381E-03 1.05666E+01
9.91875E-03 1.02060E+01
1.05204E-02 9.77180E+00
1.11586E-02 9.35607E+00
1.17622E-02 9.00240E+00
1.23984E-02 8.66210E+00
1.30036E-02 8.38034E+00
1.36383E-02 8.10775E+00
1.42582E-02 7.87185E+00
1.48781E-02 7.65960E+00
1.57806E-02 7.39090E+00
1.67379E-02 7.13162E+00
1.73578E-02 6.98010E+00
1.85563E-02 6.70612E+00
1.98375E-02 6.44290E+00
2.07465E-02 6.25495E+00
2.16973E-02 6.07249E+00
2.23172E-02 5.95190E+00
2.32285E-02 5.76913E+00
2.41769E-02 5.59198E+00
2.47969E-02 5.47340E+00
2.63467E-02 5.17837E+00
2.75096E-02 4.95907E+00
2.83679E-02 4.79470E+00
2.92529E-02 4.63578E+00
3.01119E-02 4.47485E+00
3.09961E-02 4.31950E+00
3.25459E-02 4.04637E+00
3.36888E-02 3.84929E+00
3.48718E-02 3.66181E+00
3.56455E-02 3.54202E+00
3.71953E-02 3.31550E+00
3.87141E-02 3.10874E+00
4.02949E-02 2.91487E+00
4.14416E-02 2.78297E+00
4.26209E-02 2.65704E+00
4.42663E-02 2.49603E+00
4.55420E-02 2.38170E+00
4.75247E-02 2.21996E+00
4.95937E-02 2.06920E+00
5.11201E-02 1.97122E+00
5.26933E-02 1.87788E+00
5.50193E-02 1.75936E+00
5.74147E-02 1.65822E+00
5.88926E-02 1.60575E+00
5.90488E-02 1.60073E+00
6.10102E-02 1.54296E+00
6.19922E-02 1.51850E+00
6.48832E-02 1.46527E+00
6.94744E-02 1.38889E+00
7.43906E-02 1.31650E+00
7.73134E-02 1.26280E+00
8.19143E-02 1.18634E+00
8.67890E-02 1.11450E+00
9.27814E-02 1.05348E+00
9.91875E-02 9.95800E-01
1.03643E-01 9.53267E-01
1.07373E-01 9.16237E-01
1.10299E-01 8.86224E-01
1.13304E-01 8.57195E-01
1.16810E-01 8.22842E-01
1.20424E-01 7.89865E-01
1.23984E-01 7.58500E-01
1.28176E-01 7.23069E-01
1.32509E-01 6.89294E-01
1.38319E-01 6.44820E-01
1.43552E-01 6.05580E-01
1.48781E-01 5.66700E-01
1.51849E-01 5.43585E-01
1.54980E-01 5.21412E-01
1.57808E-01 5.02174E-01
1.62147E-01 4.74640E-01
1.66605E-01 4.48615E-01
1.71255E-01 4.25640E-01
1.73578E-01 4.15600E-01
1.79777E-01 3.92990E-01
1.84368E-01 3.78192E-01
1.89076E-01 3.63952E-01
1.93726E-01 3.49353E-01
1.98375E-01 3.33800E-01
2.02928E-01 3.17327E-01
2.07106E-01 3.01611E-01
2.12212E-01 2.82186E-01
2.15465E-01 2.69711E-01
2.18768E-01 2.57787E-01
2.22388E-01 2.44659E-01
2.26068E-01 2.32199E-01
2.31355E-01 2.14881E-01
2.35401E-01 2.02746E-01
2.38482E-01 1.94097E-01
2.43179E-01 1.81809E-01
2.47969E-01 1.70300E-01
2.51819E-01 1.61871E-01
2.55730E-01 1.53860E-01
2.61789E-01 1.43092E-01
2.67599E-01 1.33683E-01
2.73163E-01 1.25424E-01
2.78485E-01 1.18146E-01
2.83568E-01 1.11707E-01
2.88417E-01 1.05989E-01
2.93039E-01 1.00894E-01
2.97439E-01 9.63411E-02
3.01624E-01 9.22591E-02
3.05601E-01 8.85895E-02
3.13200E-01 8.20977E-02
3.20004E-01 7.68089E-02
3.26078E-01 7.24614E-02
3.31488E-01 6.88598E-02
3.36295E-01 6.58554E-02
3.40558E-01 6.33344E-02
3.48149E-01 5.91525E-02
3.53953E-01 5.61984E-02
3.62842E-01 5.20414E-02
3.71953E-01 4.81920E-02
3.79623E-01 4.50805E-02
3.87451E-01 4.21699E-02
3.94062E-01 3.98334E-02
3.99094E-01 3.81663E-02
4.06763E-01 3.57956E-02
4.14579E-01 3.35722E-02
4.19571E-01 3.22105E-02
4.27173E-01 3.02708E-02
4.34912E-01 2.84479E-02
4.42350E-01 2.67959E-02
4.48013E-01 2.56202E-02
4.56642E-01 2.39526E-02
4.65437E-01 2.23936E-02
4.72882E-01 2.11579E-02
4.78543E-01 2.02760E-02
4.87163E-01 1.90217E-02
4.95937E-01 1.78450E-02
5.01524E-01 1.71376E-02
5.11452E-01 1.59664E-02
5.19027E-01 1.51408E-02
5.24782E-01 1.45498E-02
5.33534E-01 1.37062E-02
5.42431E-01 1.29115E-02
5.52632E-01 1.20623E-02
5.61715E-01 1.13652E-02
5.69786E-01 1.07883E-02
5.76942E-01 1.03076E-02
5.83277E-01 9.90466E-03
5.94532E-01 9.23697E-03
6.03116E-01 8.76591E-03
6.16224E-01 8.10398E-03
6.29617E-01 7.49203E-03
6.38682E-01 7.10720E-03
6.46720E-01 6.78672E-03
6.53836E-01 6.51818E-03
6.66479E-01 6.07354E-03
6.76121E-01 5.76009E-03
6.83444E-01 5.53566E-03
6.94577E-01 5.21530E-03
7.05892E-01 4.91349E-03
7.13575E-01 4.71940E-03
7.28206E-01 4.37591E-03
7.41253E-01 4.09593E-03
7.52862E-01 3.86568E-03
7.63168E-01 3.67485E-03
7.72302E-01 3.51563E-03
7.88550E-01 3.25340E-03
8.00960E-01 3.06964E-03
8.10395E-01 2.93867E-03
8.24757E-01 2.75262E-03
8.39374E-01 2.57834E-03
8.50673E-01 2.45205E-03
8.61404E-01 2.33927E-03
8.71587E-01 2.23826E-03
8.81243E-01 2.14753E-03
8.99637E-01 1.98720E-03
9.16047E-01 1.85676E-03
9.30651E-01 1.74967E-03
9.43620E-01 1.66105E-03
9.55116E-01 1.58719E-03
9.65290E-01 1.52527E-03
9.83356E-01 1.42265E-03
9.97127E-01 1.35025E-03
1.01815E+00 1.24850E-03
1.03961E+00 1.15441E-03
1.05112E+00 1.10743E-03
1.07304E+00 1.02442E-03
1.09260E+00 9.56915E-04
1.11000E+00 9.01506E-04
1.12546E+00 8.55661E-04
1.13916E+00 8.17463E-04
1.15128E+00 7.85441E-04
1.17281E+00 7.32392E-04
1.18922E+00 6.94970E-04
1.21427E+00 6.42391E-04
1.23984E+00 5.93790E-04
1.25432E+00 5.68308E-04
1.26851E+00 5.44666E-04
1.28241E+00 5.22702E-04
1.29602E+00 5.02268E-04
1.32280E+00 4.64924E-04
1.34841E+00 4.32439E-04
1.37287E+00 4.04049E-04
1.39620E+00 3.79129E-04
1.41844E+00 3.57164E-04
1.43960E+00 3.37728E-04
1.45973E+00 3.20469E-04
1.47886E+00 3.05091E-04
1.49702E+00 2.91345E-04
1.51425E+00 2.79021E-04
1.53058E+00 2.67941E-04
1.56167E+00 2.48338E-04
1.58940E+00 2.32366E-04
1.61407E+00 2.19235E-04
1.63596E+00 2.08355E-04
1.65536E+00 1.99280E-04
1.68987E+00 1.84338E-04
1.71622E+00 1.73872E-04
1.73626E+00 1.66414E-04
1.76675E+00 1.55823E-04
1.79777E+00 1.45906E-04
1.82003E+00 1.39299E-04
1.83973E+00 1.33764E-04
1.87473E+00 1.24601E-04
1.90141E+00 1.18143E-04
1.92167E+00 1.13521E-04
1.95246E+00 1.06924E-04
1.98375E+00 1.00710E-04
2.00517E+00 9.67350E-05
2.04596E+00 8.96998E-05
2.08233E+00 8.39650E-05
2.11469E+00 7.92487E-05
2.14341E+00 7.53397E-05
2.16887E+00 7.20778E-05
2.21414E+00 6.67057E-05
2.24871E+00 6.29411E-05
2.27499E+00 6.02577E-05
2.31500E+00 5.64456E-05
2.35570E+00 5.28746E-05
2.38610E+00 5.04044E-05
2.43245E+00 4.69138E-05
2.47969E+00 4.36650E-05
2.50876E+00 4.18216E-05
2.53632E+00 4.01641E-05
2.58882E+00 3.72314E-05
2.63564E+00 3.48415E-05
2.67731E+00 3.28765E-05
2.71431E+00 3.12482E-05
2.74710E+00 2.98898E-05
2.80545E+00 2.76531E-05
2.85002E+00 2.60861E-05
2.88391E+00 2.49694E-05
2.93550E+00 2.33834E-05
2.98802E+00 2.18981E-05
3.04949E+00 2.03254E-05
3.10432E+00 1.90422E-05
3.15309E+00 1.79860E-05
3.19640E+00 1.71100E-05
3.23479E+00 1.63786E-05
3.30307E+00 1.51731E-05
3.35523E+00 1.43275E-05
3.39489E+00 1.37244E-05
3.45525E+00 1.28670E-05
3.51669E+00 1.20632E-05
3.55828E+00 1.15605E-05
3.59771E+00 1.11083E-05
3.67283E+00 1.03076E-05
3.73985E+00 9.65443E-06
3.79949E+00 9.11695E-06
3.85246E+00 8.67127E-06
3.89941E+00 8.29920E-06
3.98295E+00 7.68609E-06
4.04678E+00 7.25617E-06
4.09533E+00 6.94958E-06
4.16924E+00 6.51382E-06
4.24448E+00 6.10538E-06
4.33189E+00 5.67547E-06
4.40985E+00 5.32421E-06
4.47922E+00 5.03473E-06
4.54081E+00 4.79438E-06
4.59540E+00 4.59351E-06
4.69251E+00 4.26201E-06
4.76668E+00 4.02919E-06
4.82308E+00 3.86296E-06
4.90894E+00 3.62638E-06
4.99632E+00 3.40429E-06
5.06976E+00 3.23228E-06
5.13491E+00 3.08892E-06
5.19260E+00 2.96871E-06
5.29513E+00 2.76948E-06
5.37335E+00 2.62888E-06
5.49285E+00 2.43125E-06
5.61500E+00 2.24848E-06
5.68333E+00 2.15471E-06
5.74814E+00 2.07036E-06
5.87167E+00 1.92101E-06
5.98192E+00 1.79918E-06
6.08010E+00 1.69894E-06
6.16732E+00 1.61582E-06
6.24466E+00 1.54644E-06
6.38236E+00 1.43210E-06
6.48762E+00 1.35194E-06
6.56770E+00 1.29477E-06
6.68968E+00 1.21352E-06
6.81393E+00 1.13737E-06
6.94523E+00 1.06412E-06
7.06219E+00 1.00390E-06
7.16615E+00 9.54018E-07
7.25837E+00 9.12406E-07
7.42261E+00 8.43904E-07
7.54822E+00 7.95924E-07
7.64383E+00 7.61738E-07
7.78951E+00 7.13193E-07
7.93797E+00 6.67741E-07
8.06261E+00 6.32681E-07
8.17327E+00 6.03516E-07
8.27134E+00 5.79102E-07
8.44580E+00 5.38730E-07
8.57906E+00 5.10309E-07
8.68039E+00 4.89982E-07
8.83462E+00 4.60999E-07
8.99159E+00 4.33730E-07
9.10390E+00 4.15636E-07
9.21047E+00 3.99360E-07
9.41366E+00 3.70540E-07
9.59512E+00 3.47033E-07
9.75676E+00 3.27692E-07
9.90044E+00 3.11654E-07
1.00279E+01 2.98266E-07
1.02549E+01 2.76207E-07
1.04285E+01 2.60740E-07
1.05606E+01 2.49711E-07
1.07620E+01 2.34035E-07
1.09672E+01 2.19344E-07
1.11697E+01 2.06100E-07
1.13500E+01 1.95170E-07
1.15101E+01 1.86082E-07
1.16520E+01 1.78478E-07
1.19047E+01 1.65911E-07
1.20978E+01 1.57070E-07
1.22446E+01 1.50750E-07
1.24683E+01 1.41744E-07
1.26960E+01 1.33275E-07
1.28667E+01 1.27402E-07
1.30289E+01 1.22131E-07
1.31827E+01 1.17387E-07
1.34761E+01 1.08985E-07
1.37382E+01 1.02127E-07
1.39717E+01 9.64816E-08
1.41793E+01 9.17984E-08
1.43634E+01 8.78875E-08
1.46915E+01 8.14400E-08
1.49424E+01 7.69168E-08
1.51334E+01 7.36900E-08
1.54245E+01 6.91018E-08
1.57212E+01 6.47993E-08
1.59440E+01 6.18233E-08
1.61558E+01 5.91575E-08
1.63569E+01 5.67628E-08
1.67407E+01 5.25309E-08
1.70839E+01 4.90877E-08
1.73900E+01 4.62605E-08
1.76623E+01 4.39206E-08
1.79041E+01 4.19705E-08
1.81183E+01 4.03353E-08
1.84995E+01 3.76255E-08
1.87906E+01 3.57134E-08
1.92359E+01 3.30258E-08
1.96917E+01 3.05404E-08
1.99775E+01 2.91188E-08
2.02491E+01 2.78463E-08
2.05072E+01 2.67038E-08
2.07521E+01 2.56753E-08
2.12192E+01 2.38525E-08
2.16365E+01 2.23640E-08
2.20084E+01 2.11380E-08
2.23390E+01 2.01205E-08
2.26324E+01 1.92705E-08
2.31551E+01 1.78684E-08
2.35551E+01 1.68841E-08
2.38596E+01 1.61817E-08
2.43237E+01 1.51825E-08
2.47969E+01 1.42450E-08
2.51681E+01 1.35679E-08
2.55212E+01 1.29624E-08
2.58567E+01 1.24193E-08
2.61752E+01 1.19309E-08
2.67831E+01 1.10662E-08
2.73265E+01 1.03611E-08
2.78111E+01 9.78119E-09
2.82421E+01 9.30042E-09
2.86248E+01 8.89917E-09
2.93069E+01 8.23818E-09
2.98291E+01 7.77487E-09
3.02269E+01 7.44457E-09
3.08335E+01 6.97523E-09
3.14523E+01 6.53549E-09
3.18922E+01 6.24723E-09
3.23101E+01 5.98854E-09
3.27069E+01 5.75576E-09
3.34640E+01 5.34340E-09
3.41409E+01 5.00690E-09
3.47444E+01 4.72989E-09
3.52812E+01 4.50011E-09
3.57577E+01 4.30822E-09
3.66071E+01 3.99190E-09
3.72573E+01 3.77000E-09
3.77526E+01 3.61171E-09
3.85079E+01 3.38664E-09
3.92782E+01 3.17560E-09
3.98793E+01 3.02403E-09
4.04512E+01 2.88851E-09
4.09948E+01 2.76698E-09
4.15110E+01 2.65770E-09
4.24965E+01 2.46428E-09
4.33780E+01 2.30663E-09
4.41643E+01 2.17698E-09
4.48640E+01 2.06953E-09
4.54853E+01 1.97987E-09
4.65934E+01 1.83221E-09
4.74421E+01 1.72874E-09
4.80888E+01 1.65499E-09
4.90754E+01 1.55022E-09
5.00822E+01 1.45208E-09
5.10459E+01 1.36645E-09
5.19661E+01 1.29077E-09
5.28439E+01 1.22362E-09
5.36803E+01 1.16385E-09
5.44765E+01 1.11047E-09
5.52336E+01 1.06265E-09
5.59529E+01 1.01970E-09
5.73270E+01 9.43770E-10
5.85570E+01 8.81990E-10
5.96549E+01 8.31260E-10
6.06324E+01 7.89270E-10
6.15008E+01 7.54280E-10
6.22709E+01 7.24930E-10
6.36419E+01 6.76290E-10
6.46898E+01 6.41970E-10
6.54871E+01 6.17370E-10
6.67015E+01 5.82240E-10
6.79385E+01 5.49100E-10
6.94427E+01 5.12460E-10
7.08832E+01 4.80330E-10
7.22607E+01 4.52050E-10
7.35765E+01 4.27040E-10
7.48318E+01 4.04860E-10
7.60280E+01 3.85110E-10
7.71669E+01 3.67470E-10
7.82501E+01 3.51670E-10
7.92794E+01 3.37470E-10
8.12459E+01 3.12380E-10
8.30066E+01 2.91960E-10
8.45785E+01 2.75190E-10
8.59783E+01 2.61310E-10
8.72221E+01 2.49740E-10
8.83252E+01 2.40030E-10
9.02892E+01 2.23950E-10
9.17909E+01 2.12600E-10
9.29335E+01 2.04460E-10
9.46742E+01 1.92840E-10
9.64474E+01 1.81880E-10
9.78403E+01 1.73940E-10
9.92087E+01 1.66580E-10
