# Coherent scattering form factor
# (Excerpt from EPICS2017 / EPDL)
#
# Momentum  Form-factor
#  (MeV)
#
0.00000E+00 1.30000E+01
2.47969E-05 1.30000E+01
4.95937E-05 1.29966E+01
9.91875E-05 1.29931E+01
1.23984E-04 1.29920E+01
2.16973E-04 1.29794E+01
2.47969E-04 1.29740E+01
3.71953E-04 1.29450E+01
4.64941E-04 1.29139E+01
4.95937E-04 1.29030E+01
6.19922E-04 1.28490E+01
6.27361E-04 1.28448E+01
7.43906E-04 1.27850E+01
8.67890E-04 1.27104E+01
9.91875E-04 1.26280E+01
1.11586E-03 1.25370E+01
1.23984E-03 1.24390E+01
1.36383E-03 1.23324E+01
1.48781E-03 1.22211E+01
1.52654E-03 1.21842E+01
1.66603E-03 1.20518E+01
1.73578E-03 1.19840E+01
1.90626E-03 1.18140E+01
2.09224E-03 1.16235E+01
2.10773E-03 1.16078E+01
2.23172E-03 1.14810E+01
2.41769E-03 1.12879E+01
2.47969E-03 1.12250E+01
2.63467E-03 1.10668E+01
2.86726E-03 1.08347E+01
2.94463E-03 1.07583E+01
3.09961E-03 1.06100E+01
3.37089E-03 1.03573E+01
3.71953E-03 1.00540E+01
4.02949E-03 9.80343E+00
4.33945E-03 9.57110E+00
4.95937E-03 9.15520E+00
5.54475E-03 8.80105E+00
6.19922E-03 8.46060E+00
6.64792E-03 8.23221E+00
7.12910E-03 8.00998E+00
7.43906E-03 7.86740E+00
8.29158E-03 7.48296E+00
8.87257E-03 7.22488E+00
9.29882E-03 7.03534E+00
9.57010E-03 6.91578E+00
9.91875E-03 6.76170E+00
1.07713E-02 6.38590E+00
1.12266E-02 6.18065E+00
1.17011E-02 5.98200E+00
1.17785E-02 5.94898E+00
1.23984E-02 5.68640E+00
1.30184E-02 5.42904E+00
1.34753E-02 5.23974E+00
1.39482E-02 5.05705E+00
1.42582E-02 4.93728E+00
1.48781E-02 4.70490E+00
1.54110E-02 4.50873E+00
1.59630E-02 4.32074E+00
1.67379E-02 4.06577E+00
1.73578E-02 3.87420E+00
1.78052E-02 3.73916E+00
1.84979E-02 3.54537E+00
1.92176E-02 3.36163E+00
1.98375E-02 3.21150E+00
2.07465E-02 3.00823E+00
2.16973E-02 2.81782E+00
2.23172E-02 2.70410E+00
2.29128E-02 2.60384E+00
2.38362E-02 2.46036E+00
2.47969E-02 2.32480E+00
2.58400E-02 2.19814E+00
2.69269E-02 2.07839E+00
2.78965E-02 1.98574E+00
2.83800E-02 1.94333E+00
2.92386E-02 1.87561E+00
3.01232E-02 1.81025E+00
3.09961E-02 1.75370E+00
3.25459E-02 1.66751E+00
3.36888E-02 1.61470E+00
3.48718E-02 1.56356E+00
3.71953E-02 1.48120E+00
3.99690E-02 1.40303E+00
4.21841E-02 1.34712E+00
4.39257E-02 1.30665E+00
4.66737E-02 1.24822E+00
4.95937E-02 1.19240E+00
5.26933E-02 1.13266E+00
5.60727E-02 1.07016E+00
5.96687E-02 1.01110E+00
6.19922E-02 9.75500E-01
6.40880E-02 9.44703E-01
6.62547E-02 9.14879E-01
6.91609E-02 8.73583E-01
7.17745E-02 8.34521E-01
7.43906E-02 7.93100E-01
7.73134E-02 7.42939E-01
7.95806E-02 7.07411E-01
8.13246E-02 6.81884E-01
8.40124E-02 6.45311E-01
8.67890E-02 6.10700E-01
8.98886E-02 5.81061E-01
9.27493E-02 5.56462E-01
9.57010E-02 5.32904E-01
9.80245E-02 5.12957E-01
9.91875E-02 5.02500E-01
1.00737E-01 4.87878E-01
1.03643E-01 4.59212E-01
1.06185E-01 4.33798E-01
1.08252E-01 4.12974E-01
1.10358E-01 3.93150E-01
1.11976E-01 3.77819E-01
1.14865E-01 3.52415E-01
1.17080E-01 3.34490E-01
1.18769E-01 3.21646E-01
1.21349E-01 3.03300E-01
1.23984E-01 2.86000E-01
1.27046E-01 2.68511E-01
1.30184E-01 2.52092E-01
1.32448E-01 2.41188E-01
1.35920E-01 2.25710E-01
1.39482E-01 2.11225E-01
1.41788E-01 2.02108E-01
1.44132E-01 1.93384E-01
1.46438E-01 1.84802E-01
1.48781E-01 1.76600E-01
1.52152E-01 1.64832E-01
1.54730E-01 1.56523E-01
1.58679E-01 1.44839E-01
1.62729E-01 1.34027E-01
1.66605E-01 1.25240E-01
1.70092E-01 1.18553E-01
1.73578E-01 1.13000E-01
1.76678E-01 1.08963E-01
1.82103E-01 1.03188E-01
1.89222E-01 9.64466E-02
1.93797E-01 9.19720E-02
1.97232E-01 8.82970E-02
1.98375E-01 8.70000E-02
2.01475E-01 8.32871E-02
2.05742E-01 7.78872E-02
2.09658E-01 7.28241E-02
2.12039E-01 6.96918E-02
2.14448E-01 6.66943E-02
2.17439E-01 6.29249E-02
2.20471E-01 5.93686E-02
2.22304E-01 5.72562E-02
2.25361E-01 5.38205E-02
2.28070E-01 5.09838E-02
2.30467E-01 4.86247E-02
2.32586E-01 4.66501E-02
2.36339E-01 4.33856E-02
2.39195E-01 4.10881E-02
2.41359E-01 3.94451E-02
2.44641E-01 3.71030E-02
2.47969E-01 3.49000E-02
2.51819E-01 3.26886E-02
2.55730E-01 3.06173E-02
2.59325E-01 2.89394E-02
2.62971E-01 2.73535E-02
2.67933E-01 2.54633E-02
2.72989E-01 2.37037E-02
2.77538E-01 2.23199E-02
2.82164E-01 2.10169E-02
2.88140E-01 1.95234E-02
2.92775E-01 1.85221E-02
2.97187E-01 1.76300E-02
3.01385E-01 1.68328E-02
3.05374E-01 1.61181E-02
3.09162E-01 1.54757E-02
3.16390E-01 1.43394E-02
3.22854E-01 1.34138E-02
3.28618E-01 1.26531E-02
3.33746E-01 1.20229E-02
3.38299E-01 1.14973E-02
3.46415E-01 1.06321E-02
3.52630E-01 1.00263E-02
3.57365E-01 9.59465E-03
3.64586E-01 8.98180E-03
3.71953E-01 8.40810E-03
3.79623E-01 7.82755E-03
3.87451E-01 7.28708E-03
3.94175E-01 6.84735E-03
4.01015E-01 6.43416E-03
4.06820E-01 6.09833E-03
4.11229E-01 5.85802E-03
4.17933E-01 5.51518E-03
4.24746E-01 5.19241E-03
4.33556E-01 4.80052E-03
4.42550E-01 4.43820E-03
4.48895E-01 4.19873E-03
4.54522E-01 3.99981E-03
4.59504E-01 3.83351E-03
4.68353E-01 3.55894E-03
4.75102E-01 3.36600E-03
4.80227E-01 3.22819E-03
4.88019E-01 3.03198E-03
4.95937E-01 2.84770E-03
5.01293E-01 2.73099E-03
5.11490E-01 2.52489E-03
5.20583E-01 2.35735E-03
5.28672E-01 2.21990E-03
5.35853E-01 2.10623E-03
5.42216E-01 2.01154E-03
5.47846E-01 1.93220E-03
5.57839E-01 1.80079E-03
5.65454E-01 1.70814E-03
5.77070E-01 1.57802E-03
5.88926E-01 1.45781E-03
5.97975E-01 1.37430E-03
6.06586E-01 1.30035E-03
6.14770E-01 1.23465E-03
6.22544E-01 1.17607E-03
6.29921E-01 1.12368E-03
6.36916E-01 1.07668E-03
6.43545E-01 1.03441E-03
6.56160E-01 9.59576E-04
6.67401E-01 8.98549E-04
6.77394E-01 8.48342E-04
6.86261E-01 8.06718E-04
6.94115E-01 7.71976E-04
7.08076E-01 7.14739E-04
7.18731E-01 6.74613E-04
7.26827E-01 6.46005E-04
7.39143E-01 6.05350E-04
7.51667E-01 5.67254E-04
7.63515E-01 5.34073E-04
7.75171E-01 5.03781E-04
7.86632E-01 4.76074E-04
7.97896E-01 4.50688E-04
8.08962E-01 4.27387E-04
8.19829E-01 4.05963E-04
8.30495E-01 3.86233E-04
8.40960E-01 3.68035E-04
8.51224E-01 3.51223E-04
8.61287E-01 3.35670E-04
8.71148E-01 3.21260E-04
8.80809E-01 3.07890E-04
8.90271E-01 2.95469E-04
8.99533E-01 2.83914E-04
9.17755E-01 2.62796E-04
9.35172E-01 2.44428E-04
9.51801E-01 2.28375E-04
9.67659E-01 2.14284E-04
9.82766E-01 2.01864E-04
9.97143E-01 1.90875E-04
1.01081E+00 1.81117E-04
1.02380E+00 1.72423E-04
1.03612E+00 1.64651E-04
1.04781E+00 1.57683E-04
1.05889E+00 1.51419E-04
1.07998E+00 1.40337E-04
1.09878E+00 1.31308E-04
1.11549E+00 1.23885E-04
1.13033E+00 1.17735E-04
1.14347E+00 1.12604E-04
1.16684E+00 1.04158E-04
1.18468E+00 9.82424E-05
1.19823E+00 9.40269E-05
1.21886E+00 8.80404E-05
1.23984E+00 8.24350E-05
1.25819E+00 7.78789E-05
1.27622E+00 7.37054E-05
1.29393E+00 6.98758E-05
1.31133E+00 6.63556E-05
1.32840E+00 6.31147E-05
1.34515E+00 6.01261E-05
1.36158E+00 5.73659E-05
1.37769E+00 5.48129E-05
1.39347E+00 5.24480E-05
1.40894E+00 5.02544E-05
1.42408E+00 4.82168E-05
1.43891E+00 4.63218E-05
1.46808E+00 4.28595E-05
1.49596E+00 3.98490E-05
1.52258E+00 3.72189E-05
1.54797E+00 3.49112E-05
1.57216E+00 3.28777E-05
1.59517E+00 3.10791E-05
1.61706E+00 2.94824E-05
1.63785E+00 2.80600E-05
1.65758E+00 2.67889E-05
1.67629E+00 2.56496E-05
1.69403E+00 2.46256E-05
1.72779E+00 2.28144E-05
1.75789E+00 2.13393E-05
1.78465E+00 2.01270E-05
1.80840E+00 1.91228E-05
1.82944E+00 1.82854E-05
1.86686E+00 1.69071E-05
1.89542E+00 1.59421E-05
1.91712E+00 1.52546E-05
1.95015E+00 1.42786E-05
1.98375E+00 1.33650E-05
2.01161E+00 1.26676E-05
2.03808E+00 1.20468E-05
2.06322E+00 1.14926E-05
2.08707E+00 1.09961E-05
2.10967E+00 1.05502E-05
2.15272E+00 9.76220E-06
2.19111E+00 9.12117E-06
2.22526E+00 8.59488E-06
2.25558E+00 8.15936E-06
2.28244E+00 7.79642E-06
2.33023E+00 7.19968E-06
2.36673E+00 6.78230E-06
2.39448E+00 6.48522E-06
2.43671E+00 6.06382E-06
2.47969E+00 5.66980E-06
2.50876E+00 5.42382E-06
2.53632E+00 5.20291E-06
2.58882E+00 4.81267E-06
2.63564E+00 4.49530E-06
2.67731E+00 4.23482E-06
2.71431E+00 4.01931E-06
2.74710E+00 3.83975E-06
2.77612E+00 3.68923E-06
2.82765E+00 3.43988E-06
2.86691E+00 3.26399E-06
2.92684E+00 3.01688E-06
2.98802E+00 2.78847E-06
3.04949E+00 2.58226E-06
3.10432E+00 2.41437E-06
3.15309E+00 2.27645E-06
3.19640E+00 2.16224E-06
3.23479E+00 2.06702E-06
3.30307E+00 1.91037E-06
3.35523E+00 1.80072E-06
3.39489E+00 1.72263E-06
3.45525E+00 1.61181E-06
3.51669E+00 1.50811E-06
3.55820E+00 1.44336E-06
3.59756E+00 1.38518E-06
3.67254E+00 1.28234E-06
3.73942E+00 1.19864E-06
3.79894E+00 1.12989E-06
3.85180E+00 1.07298E-06
3.89866E+00 1.02555E-06
3.98203E+00 9.47518E-07
4.04572E+00 8.92918E-07
4.09416E+00 8.54043E-07
4.16791E+00 7.98881E-07
4.24299E+00 7.47282E-07
4.33027E+00 6.92958E-07
4.40811E+00 6.48674E-07
4.47736E+00 6.12253E-07
4.53885E+00 5.82066E-07
4.59335E+00 5.56876E-07
4.69030E+00 5.15389E-07
4.76435E+00 4.86314E-07
4.82065E+00 4.65590E-07
4.90636E+00 4.36148E-07
4.99359E+00 4.08567E-07
5.05021E+00 3.91982E-07
5.15811E+00 3.62677E-07
5.25441E+00 3.38839E-07
5.34014E+00 3.19269E-07
5.41630E+00 3.03075E-07
5.48384E+00 2.89581E-07
5.54362E+00 2.78267E-07
5.64982E+00 2.59521E-07
5.73079E+00 2.46295E-07
5.85444E+00 2.27709E-07
5.98076E+00 2.10525E-07
6.04823E+00 2.02096E-07
6.17679E+00 1.87190E-07
6.29153E+00 1.75052E-07
6.39367E+00 1.65079E-07
6.48440E+00 1.56819E-07
6.56485E+00 1.49932E-07
6.70804E+00 1.38599E-07
6.81748E+00 1.30665E-07
6.90073E+00 1.25014E-07
7.02751E+00 1.16993E-07
7.15662E+00 1.09486E-07
7.24931E+00 1.04520E-07
7.33729E+00 1.00069E-07
7.42075E+00 9.60688E-08
7.57979E+00 8.89940E-08
7.72174E+00 8.32324E-08
7.84813E+00 7.84977E-08
7.96042E+00 7.45764E-08
8.05999E+00 7.13063E-08
8.23724E+00 6.59248E-08
8.37273E+00 6.21569E-08
8.47581E+00 5.94730E-08
8.63281E+00 5.56629E-08
8.79272E+00 5.20969E-08
8.90610E+00 4.97670E-08
9.01373E+00 4.76774E-08
9.11581E+00 4.57981E-08
9.31033E+00 4.24719E-08
9.48395E+00 3.97603E-08
9.63851E+00 3.75300E-08
9.77582E+00 3.56813E-08
9.89757E+00 3.41386E-08
1.01143E+01 3.15976E-08
1.02799E+01 2.98168E-08
1.04059E+01 2.85474E-08
1.05979E+01 2.67438E-08
1.07933E+01 2.50542E-08
1.09356E+01 2.39209E-08
1.10707E+01 2.29050E-08
1.11989E+01 2.19919E-08
1.14432E+01 2.03767E-08
1.16614E+01 1.90610E-08
1.18557E+01 1.79797E-08
1.20283E+01 1.70840E-08
1.21815E+01 1.63369E-08
1.24542E+01 1.51072E-08
1.26627E+01 1.42461E-08
1.28214E+01 1.36327E-08
1.30631E+01 1.27617E-08
1.33095E+01 1.19463E-08
1.35561E+01 1.12022E-08
1.37757E+01 1.05892E-08
1.39707E+01 1.00804E-08
1.41436E+01 9.65530E-09
1.44514E+01 8.95406E-09
1.46866E+01 8.46176E-09
1.48655E+01 8.11039E-09
1.51380E+01 7.61049E-09
1.54155E+01 7.14140E-09
1.56061E+01 6.84292E-09
1.57870E+01 6.57444E-09
1.61318E+01 6.09910E-09
1.64397E+01 5.71146E-09
1.67140E+01 5.39254E-09
1.69577E+01 5.12813E-09
1.71738E+01 4.90742E-09
1.75587E+01 4.54380E-09
1.78531E+01 4.28887E-09
1.80771E+01 4.10711E-09
1.84183E+01 3.84881E-09
1.87660E+01 3.60675E-09
1.89951E+01 3.45931E-09
1.94322E+01 3.19891E-09
1.98228E+01 2.98719E-09
2.01711E+01 2.81346E-09
2.04809E+01 2.66976E-09
2.07558E+01 2.55005E-09
2.09994E+01 2.44972E-09
2.14326E+01 2.28355E-09
2.17634E+01 2.16636E-09
2.20148E+01 2.08243E-09
2.23974E+01 1.96259E-09
2.27866E+01 1.84965E-09
2.32733E+01 1.72079E-09
2.36452E+01 1.63006E-09
2.39280E+01 1.56517E-09
2.43586E+01 1.47265E-09
2.47969E+01 1.38560E-09
2.51681E+01 1.31754E-09
2.55212E+01 1.25678E-09
2.58567E+01 1.20236E-09
2.61752E+01 1.15349E-09
2.67831E+01 1.06714E-09
2.73265E+01 9.96910E-10
2.78111E+01 9.39250E-10
2.82421E+01 8.91550E-10
2.86248E+01 8.51800E-10
2.89638E+01 8.18470E-10
2.95669E+01 7.63260E-10
3.00274E+01 7.24310E-10
3.07316E+01 6.69580E-10
3.14523E+01 6.18980E-10
3.18922E+01 5.90830E-10
3.23101E+01 5.65600E-10
3.27069E+01 5.42920E-10
3.34640E+01 5.02830E-10
3.41409E+01 4.70190E-10
3.47444E+01 4.43370E-10
3.52812E+01 4.21150E-10
3.57577E+01 4.02640E-10
3.61799E+01 3.87100E-10
3.69308E+01 3.61340E-10
3.75041E+01 3.43150E-10
3.83809E+01 3.17580E-10
3.92782E+01 2.93900E-10
3.99462E+01 2.77930E-10
4.05828E+01 2.63740E-10
4.11887E+01 2.51100E-10
4.17651E+01 2.39800E-10
4.23127E+01 2.29660E-10
4.28326E+01 2.20550E-10
4.38247E+01 2.04440E-10
4.47116E+01 1.91300E-10
4.55024E+01 1.80500E-10
4.62058E+01 1.71560E-10
4.68302E+01 1.64090E-10
4.79432E+01 1.51800E-10
4.87953E+01 1.43190E-10
4.94443E+01 1.37060E-10
5.04340E+01 1.28340E-10
5.14436E+01 1.20190E-10
5.21144E+01 1.15190E-10
5.27513E+01 1.10690E-10
5.39665E+01 1.02720E-10
5.50528E+01 9.62260E-11
5.60212E+01 9.08780E-11
5.68825E+01 8.64430E-11
5.76470E+01 8.27410E-11
5.90096E+01 7.66390E-11
6.00528E+01 7.23600E-11
6.08472E+01 6.93080E-11
6.20585E+01 6.49700E-11
6.32940E+01 6.09030E-11
6.47281E+01 5.66400E-11
6.61020E+01 5.29150E-11
6.74166E+01 4.96450E-11
6.86727E+01 4.67630E-11
6.98716E+01 4.42140E-11
7.10146E+01 4.19500E-11
7.21030E+01 3.99340E-11
7.31386E+01 3.81310E-11
7.41230E+01 3.65150E-11
7.50579E+01 3.50620E-11
7.68427E+01 3.24920E-11
7.84392E+01 3.03990E-11
7.98633E+01 2.86780E-11
8.11306E+01 2.72520E-11
8.22560E+01 2.60630E-11
8.42631E+01 2.41050E-11
8.58004E+01 2.27340E-11
8.69719E+01 2.17570E-11
8.87590E+01 2.03700E-11
9.05830E+01 1.90710E-11
9.24393E+01 1.78740E-11
9.42141E+01 1.68210E-11
9.59089E+01 1.58900E-11
9.75255E+01 1.50640E-11
9.90658E+01 1.43280E-11
