# Coherent scattering form factor
# (Excerpt from EPICS2017 / EPDL)
#
# Momentum  Form-factor
#  (MeV)
#
0.00000E+00 3.30000E+01
2.47969E-05 3.30000E+01
4.95937E-05 3.29940E+01
9.91875E-05 3.29879E+01
1.23984E-04 3.29860E+01
2.16973E-04 3.29674E+01
2.47969E-04 3.29630E+01
3.40957E-04 3.29412E+01
3.71953E-04 3.29310E+01
4.64941E-04 3.28920E+01
4.95937E-04 3.28770E+01
6.19922E-04 3.28090E+01
6.27361E-04 3.28036E+01
7.43906E-04 3.27260E+01
8.67890E-04 3.26286E+01
9.91875E-04 3.25210E+01
1.17785E-03 3.23348E+01
1.23984E-03 3.22680E+01
1.36383E-03 3.21226E+01
1.54980E-03 3.18847E+01
1.61180E-03 3.17977E+01
1.73578E-03 3.16250E+01
1.95275E-03 3.13002E+01
2.10773E-03 3.10566E+01
2.13873E-03 3.10060E+01
2.23172E-03 3.08590E+01
2.47969E-03 3.04500E+01
2.75096E-03 2.99810E+01
2.94463E-03 2.96358E+01
2.98331E-03 2.95673E+01
3.09961E-03 2.93610E+01
3.40957E-03 2.88047E+01
3.71953E-03 2.82590E+01
4.18447E-03 2.74611E+01
4.33945E-03 2.72010E+01
4.80439E-03 2.64334E+01
4.95937E-03 2.61870E+01
5.57929E-03 2.52358E+01
5.88926E-03 2.47828E+01
6.19922E-03 2.43460E+01
6.64792E-03 2.37116E+01
7.12910E-03 2.30937E+01
7.43906E-03 2.26950E+01
8.05898E-03 2.19141E+01
8.67890E-03 2.11546E+01
8.98886E-03 2.07820E+01
9.44237E-03 2.02291E+01
9.91875E-03 1.96910E+01
1.05387E-02 1.89821E+01
1.14686E-02 1.79492E+01
1.17785E-02 1.76128E+01
1.23984E-02 1.69510E+01
1.29295E-02 1.63821E+01
1.34833E-02 1.58323E+01
1.42582E-02 1.50710E+01
1.44132E-02 1.49217E+01
1.48781E-02 1.44850E+01
1.54856E-02 1.39218E+01
1.61180E-02 1.33805E+01
1.67264E-02 1.28674E+01
1.73578E-02 1.23740E+01
1.79470E-02 1.19221E+01
1.88686E-02 1.12750E+01
1.98375E-02 1.06630E+01
2.04303E-02 1.03142E+01
2.13529E-02 9.81216E+00
2.23172E-02 9.33460E+00
2.35244E-02 8.81679E+00
2.47969E-02 8.32770E+00
2.63467E-02 7.82893E+00
2.78965E-02 7.40872E+00
2.86726E-02 7.22260E+00
2.98117E-02 6.98075E+00
3.09961E-02 6.74700E+00
3.25090E-02 6.49753E+00
3.40957E-02 6.25728E+00
3.56455E-02 6.05226E+00
3.71953E-02 5.86490E+00
3.92688E-02 5.62899E+00
4.14579E-02 5.40256E+00
4.33945E-02 5.20161E+00
4.43641E-02 5.10080E+00
4.69777E-02 4.82581E+00
4.89391E-02 4.61481E+00
4.95937E-02 4.54380E+00
5.17708E-02 4.29233E+00
5.34662E-02 4.11291E+00
5.61138E-02 3.85774E+00
5.88926E-02 3.61840E+00
6.19922E-02 3.39240E+00
6.50179E-02 3.21145E+00
6.81914E-02 3.04015E+00
7.03214E-02 2.91934E+00
7.12910E-02 2.86155E+00
7.17745E-02 2.83184E+00
7.35178E-02 2.71975E+00
7.43906E-02 2.66080E+00
7.59404E-02 2.55130E+00
7.74221E-02 2.44330E+00
7.96990E-02 2.28981E+00
8.20429E-02 2.14597E+00
8.37390E-02 2.05600E+00
8.57724E-02 1.96628E+00
8.67890E-02 1.92920E+00
8.83388E-02 1.88282E+00
8.96952E-02 1.84997E+00
9.43220E-02 1.76954E+00
9.91875E-02 1.69260E+00
1.02287E-01 1.63277E+00
1.04777E-01 1.57428E+00
1.09280E-01 1.47692E+00
1.12784E-01 1.40787E+00
1.15485E-01 1.35821E+00
1.19659E-01 1.28699E+00
1.23984E-01 1.21950E+00
1.28440E-01 1.17090E+00
1.32170E-01 1.13860E+00
1.41662E-01 1.07499E+00
1.48781E-01 1.03300E+00
1.54980E-01 9.95050E-01
1.61804E-01 9.52323E-01
1.68929E-01 9.11431E-01
1.73578E-01 8.86000E-01
1.81161E-01 8.46654E-01
1.89076E-01 8.09056E-01
1.95275E-01 7.78532E-01
1.98375E-01 7.62900E-01
2.04574E-01 7.30617E-01
2.10000E-01 7.01886E-01
2.14693E-01 6.76425E-01
2.19492E-01 6.51887E-01
2.26611E-01 6.15535E-01
2.31888E-01 5.89159E-01
2.37289E-01 5.63914E-01
2.42570E-01 5.39739E-01
2.47969E-01 5.16600E-01
2.55600E-01 4.85329E-01
2.63467E-01 4.55951E-01
2.68210E-01 4.38830E-01
2.75485E-01 4.14347E-01
2.82957E-01 3.91229E-01
2.91001E-01 3.67468E-01
2.99273E-01 3.45150E-01
3.08227E-01 3.22319E-01
3.17449E-01 3.00998E-01
3.27037E-01 2.80094E-01
3.36915E-01 2.60642E-01
3.45557E-01 2.44573E-01
3.54422E-01 2.29494E-01
3.63082E-01 2.15532E-01
3.71953E-01 2.02420E-01
3.79623E-01 1.91624E-01
3.87451E-01 1.81404E-01
3.94062E-01 1.73068E-01
4.04190E-01 1.61276E-01
4.14579E-01 1.50288E-01
4.24624E-01 1.40305E-01
4.34912E-01 1.30985E-01
4.42350E-01 1.24583E-01
4.53747E-01 1.15561E-01
4.65437E-01 1.07193E-01
4.72882E-01 1.02151E-01
4.84272E-01 9.50293E-02
4.95937E-01 8.84040E-02
5.07005E-01 8.25246E-02
5.15468E-01 7.83731E-02
5.28427E-01 7.25341E-02
5.41712E-01 6.71301E-02
5.52302E-01 6.30984E-02
5.60380E-01 6.02343E-02
5.72719E-01 5.61800E-02
5.85330E-01 5.23987E-02
5.92594E-01 5.03236E-02
6.05525E-01 4.68879E-02
6.15407E-01 4.44659E-02
6.22925E-01 4.27319E-02
6.34373E-01 4.02569E-02
6.46033E-01 3.79252E-02
6.55119E-01 3.61981E-02
6.68990E-01 3.37539E-02
6.83154E-01 3.14747E-02
6.91487E-01 3.02070E-02
7.06315E-01 2.81101E-02
7.17644E-01 2.66336E-02
7.26260E-01 2.55773E-02
7.39378E-01 2.40709E-02
7.52734E-01 2.26532E-02
7.67518E-01 2.11846E-02
7.78796E-01 2.01460E-02
7.96025E-01 1.86828E-02
8.13635E-01 1.73258E-02
8.26248E-01 1.64183E-02
8.37445E-01 1.56634E-02
8.47366E-01 1.50313E-02
8.65012E-01 1.39860E-02
8.78488E-01 1.32500E-02
8.88732E-01 1.27235E-02
9.04323E-01 1.19728E-02
9.20187E-01 1.12663E-02
9.36606E-01 1.05808E-02
9.51213E-01 1.00153E-02
9.64180E-01 9.54538E-03
9.75672E-01 9.15230E-03
9.96113E-01 8.50295E-03
1.01172E+00 8.04635E-03
1.02359E+00 7.72007E-03
1.04166E+00 7.25528E-03
1.06004E+00 6.81848E-03
1.08101E+00 6.35612E-03
1.09969E+00 5.97736E-03
1.11630E+00 5.66450E-03
1.13105E+00 5.40421E-03
1.14411E+00 5.18628E-03
1.16732E+00 4.82585E-03
1.18505E+00 4.57206E-03
1.19851E+00 4.39052E-03
1.21900E+00 4.13162E-03
1.23984E+00 3.88800E-03
1.25819E+00 3.68753E-03
1.27622E+00 3.50319E-03
1.29393E+00 3.33340E-03
1.31133E+00 3.17677E-03
1.32840E+00 3.03205E-03
1.34515E+00 2.89815E-03
1.36158E+00 2.77407E-03
1.37769E+00 2.65894E-03
1.39347E+00 2.55197E-03
1.40894E+00 2.45244E-03
1.43939E+00 2.27052E-03
1.46854E+00 2.11224E-03
1.49640E+00 1.97389E-03
1.52300E+00 1.85243E-03
1.54837E+00 1.74536E-03
1.57254E+00 1.65061E-03
1.59553E+00 1.56646E-03
1.61740E+00 1.49146E-03
1.63817E+00 1.42442E-03
1.65789E+00 1.36431E-03
1.67659E+00 1.31026E-03
1.71221E+00 1.21462E-03
1.74401E+00 1.13668E-03
1.77232E+00 1.07260E-03
1.79746E+00 1.01950E-03
1.81976E+00 9.75195E-04
1.85944E+00 9.02246E-04
1.88977E+00 8.51139E-04
1.91284E+00 8.14717E-04
1.94797E+00 7.62986E-04
1.98375E+00 7.14540E-04
2.01161E+00 6.79662E-04
2.03808E+00 6.48511E-04
2.06322E+00 6.20606E-04
2.08707E+00 5.95536E-04
2.13252E+00 5.51227E-04
2.17311E+00 5.15170E-04
2.20926E+00 4.85560E-04
2.24138E+00 4.61050E-04
2.26987E+00 4.40622E-04
2.29509E+00 4.23490E-04
2.33991E+00 3.95098E-04
2.37410E+00 3.75060E-04
2.42632E+00 3.46892E-04
2.47969E+00 3.20840E-04
2.50876E+00 3.07856E-04
2.56418E+00 2.84911E-04
2.61369E+00 2.66241E-04
2.65778E+00 2.50911E-04
2.69698E+00 2.38223E-04
2.73175E+00 2.27649E-04
2.76254E+00 2.18782E-04
2.81726E+00 2.04088E-04
2.85902E+00 1.93719E-04
2.92281E+00 1.79145E-04
2.98802E+00 1.65667E-04
3.04949E+00 1.54262E-04
3.10432E+00 1.44929E-04
3.15309E+00 1.37226E-04
3.19640E+00 1.30823E-04
3.23479E+00 1.25466E-04
3.30307E+00 1.16614E-04
3.35523E+00 1.10387E-04
3.39489E+00 1.05936E-04
3.45525E+00 9.95935E-05
3.51669E+00 9.36309E-05
3.55828E+00 8.98957E-05
3.63758E+00 8.32892E-05
3.70842E+00 7.79081E-05
3.77154E+00 7.34855E-05
3.82765E+00 6.98222E-05
3.87743E+00 6.67670E-05
3.96610E+00 6.17384E-05
4.03394E+00 5.82172E-05
4.08557E+00 5.57086E-05
4.16427E+00 5.21471E-05
4.24448E+00 4.88132E-05
4.33189E+00 4.55213E-05
4.40985E+00 4.28234E-05
4.47922E+00 4.05943E-05
4.54081E+00 3.87393E-05
4.59540E+00 3.71857E-05
4.69251E+00 3.46155E-05
4.76668E+00 3.28051E-05
4.82308E+00 3.15097E-05
4.90894E+00 2.96619E-05
4.99632E+00 2.79224E-05
5.06976E+00 2.65723E-05
5.13491E+00 2.54445E-05
5.25094E+00 2.35850E-05
5.33968E+00 2.22800E-05
5.40722E+00 2.13490E-05
5.51013E+00 2.00248E-05
5.61500E+00 1.87827E-05
5.68333E+00 1.80334E-05
5.81370E+00 1.67080E-05
5.93022E+00 1.56284E-05
6.03408E+00 1.47412E-05
6.12646E+00 1.40063E-05
6.20845E+00 1.33934E-05
6.35458E+00 1.23846E-05
6.46643E+00 1.16782E-05
6.55161E+00 1.11750E-05
6.68148E+00 1.04605E-05
6.81393E+00 9.79166E-06
6.90694E+00 9.35952E-06
6.99530E+00 8.97173E-06
7.07915E+00 8.62278E-06
7.23911E+00 8.00466E-06
7.38202E+00 7.50027E-06
7.50939E+00 7.08507E-06
7.62264E+00 6.74066E-06
7.72313E+00 6.45307E-06
7.90219E+00 5.97900E-06
8.03920E+00 5.64644E-06
8.14352E+00 5.40922E-06
8.30254E+00 5.07194E-06
8.46466E+00 4.75569E-06
8.64066E+00 4.44380E-06
8.79766E+00 4.18772E-06
8.93737E+00 3.97579E-06
9.06144E+00 3.79916E-06
9.17141E+00 3.65107E-06
9.36708E+00 3.40565E-06
9.51657E+00 3.23248E-06
9.74529E+00 2.98908E-06
9.97950E+00 2.76402E-06
1.01941E+01 2.57822E-06
1.03857E+01 2.42591E-06
1.05563E+01 2.30005E-06
1.07079E+01 2.19528E-06
1.08423E+01 2.10753E-06
1.10816E+01 1.96233E-06
1.12645E+01 1.86003E-06
1.14037E+01 1.78683E-06
1.16157E+01 1.68238E-06
1.18316E+01 1.58404E-06
1.21055E+01 1.47067E-06
1.23503E+01 1.37815E-06
1.25686E+01 1.30198E-06
1.27628E+01 1.23880E-06
1.29351E+01 1.18603E-06
1.32424E+01 1.09904E-06
1.34776E+01 1.03801E-06
1.36567E+01 9.94469E-07
1.39299E+01 9.32562E-07
1.42086E+01 8.74508E-07
1.44197E+01 8.33991E-07
1.46205E+01 7.97712E-07
1.48112E+01 7.65135E-07
1.49923E+01 7.35804E-07
1.53378E+01 6.83805E-07
1.56467E+01 6.41329E-07
1.59221E+01 6.06333E-07
1.61670E+01 5.77281E-07
1.63844E+01 5.53005E-07
1.67718E+01 5.12952E-07
1.70684E+01 4.84828E-07
1.72943E+01 4.64752E-07
1.76388E+01 4.36186E-07
1.79901E+01 4.09375E-07
1.82448E+01 3.91423E-07
1.84869E+01 3.75308E-07
1.87167E+01 3.60804E-07
1.91554E+01 3.35102E-07
1.95477E+01 3.14119E-07
1.98975E+01 2.96840E-07
2.02087E+01 2.82502E-07
2.04850E+01 2.70526E-07
2.09777E+01 2.50776E-07
2.13550E+01 2.36916E-07
2.16424E+01 2.27025E-07
2.20807E+01 2.12959E-07
2.25280E+01 1.99764E-07
2.30749E+01 1.85120E-07
2.34939E+01 1.74846E-07
2.38131E+01 1.67516E-07
2.43000E+01 1.57094E-07
2.47969E+01 1.47320E-07
2.52579E+01 1.39004E-07
2.56979E+01 1.31634E-07
2.61174E+01 1.25081E-07
2.65169E+01 1.19233E-07
2.68969E+01 1.14000E-07
2.72582E+01 1.09302E-07
2.76013E+01 1.05074E-07
2.82562E+01 9.75825E-08
2.88420E+01 9.14668E-08
2.93646E+01 8.64308E-08
2.98295E+01 8.22523E-08
3.02424E+01 7.87622E-08
3.09788E+01 7.30070E-08
3.15428E+01 6.89682E-08
3.19726E+01 6.60865E-08
3.26282E+01 6.19881E-08
3.32972E+01 5.81439E-08
3.38823E+01 5.50603E-08
3.44402E+01 5.23181E-08
3.49715E+01 4.98714E-08
3.54771E+01 4.76817E-08
3.59577E+01 4.57163E-08
3.64141E+01 4.39473E-08
3.72857E+01 4.08129E-08
3.80654E+01 3.82542E-08
3.87610E+01 3.61473E-08
3.93801E+01 3.43992E-08
3.99299E+01 3.29390E-08
4.09106E+01 3.05314E-08
4.16619E+01 2.88418E-08
4.22344E+01 2.76363E-08
4.31079E+01 2.59219E-08
4.39996E+01 2.43138E-08
4.50987E+01 2.25238E-08
4.61540E+01 2.09656E-08
4.71659E+01 1.96027E-08
4.81346E+01 1.84057E-08
4.90608E+01 1.73499E-08
4.99453E+01 1.64152E-08
5.07890E+01 1.55847E-08
5.15929E+01 1.48443E-08
5.23582E+01 1.41821E-08
5.30859E+01 1.35882E-08
5.37773E+01 1.30540E-08
5.50980E+01 1.21084E-08
5.62803E+01 1.13373E-08
5.73355E+01 1.07030E-08
5.82751E+01 1.01772E-08
5.91098E+01 9.73828E-09
6.05995E+01 9.01531E-09
6.17414E+01 8.50853E-09
6.26118E+01 8.14722E-09
6.39406E+01 7.63383E-09
6.52976E+01 7.15279E-09
6.67644E+01 6.68132E-09
6.81694E+01 6.26759E-09
6.95135E+01 5.90301E-09
7.07976E+01 5.58050E-09
7.20230E+01 5.29417E-09
7.31911E+01 5.03909E-09
7.43033E+01 4.81113E-09
7.53614E+01 4.60679E-09
7.63671E+01 4.42311E-09
7.82890E+01 4.09822E-09
8.00102E+01 3.83358E-09
8.15474E+01 3.61608E-09
8.29166E+01 3.43591E-09
8.41335E+01 3.28564E-09
8.52129E+01 3.15956E-09
8.71353E+01 2.95044E-09
8.86056E+01 2.80274E-09
9.08576E+01 2.59493E-09
9.31668E+01 2.40253E-09
9.48270E+01 2.27711E-09
9.64634E+01 2.16185E-09
9.80757E+01 2.05576E-09
9.96633E+01 1.95796E-09
