# Coherent scattering form factor
# (Excerpt from EPICS2017 / EPDL)
#
# Momentum  Form-factor
#  (MeV)
#
0.00000E+00 4.20000E+01
2.47969E-05 4.20000E+01
4.95937E-05 4.19940E+01
9.91875E-05 4.19879E+01
1.23984E-04 4.19860E+01
1.78227E-04 4.19715E+01
2.24722E-04 4.19611E+01
2.47969E-04 4.19540E+01
3.09961E-04 4.19283E+01
3.71953E-04 4.19020E+01
4.95937E-04 4.18270E+01
5.88926E-04 4.17575E+01
6.19922E-04 4.17320E+01
6.27361E-04 4.17245E+01
7.43906E-04 4.16180E+01
8.67890E-04 4.14834E+01
9.91875E-04 4.13350E+01
1.11586E-03 4.11693E+01
1.23984E-03 4.09910E+01
1.36383E-03 4.07955E+01
1.52654E-03 4.05190E+01
1.61180E-03 4.03658E+01
1.66603E-03 4.02695E+01
1.73578E-03 4.01410E+01
1.85976E-03 3.99051E+01
2.04574E-03 3.95343E+01
2.10773E-03 3.94102E+01
2.23172E-03 3.91550E+01
2.47969E-03 3.86270E+01
2.78965E-03 3.79523E+01
2.94463E-03 3.76093E+01
3.09961E-03 3.72670E+01
3.56455E-03 3.62251E+01
3.71953E-03 3.58790E+01
4.33945E-03 3.45020E+01
4.95937E-03 3.31560E+01
5.57929E-03 3.18499E+01
5.88926E-03 3.12141E+01
6.19922E-03 3.05980E+01
6.64792E-03 2.97046E+01
7.12910E-03 2.88373E+01
7.43906E-03 2.82880E+01
8.03510E-03 2.72543E+01
8.67890E-03 2.62584E+01
9.27814E-03 2.53671E+01
9.91875E-03 2.45060E+01
1.05204E-02 2.37373E+01
1.11586E-02 2.29927E+01
1.17622E-02 2.23277E+01
1.23984E-02 2.16820E+01
1.30036E-02 2.10978E+01
1.36383E-02 2.05294E+01
1.42582E-02 1.99984E+01
1.48781E-02 1.94940E+01
1.57806E-02 1.87746E+01
1.67379E-02 1.80818E+01
1.73578E-02 1.76370E+01
1.85976E-02 1.67707E+01
1.98375E-02 1.59320E+01
2.10773E-02 1.51176E+01
2.23172E-02 1.43290E+01
2.32285E-02 1.37520E+01
2.41769E-02 1.31982E+01
2.47969E-02 1.28370E+01
2.55600E-02 1.23955E+01
2.63467E-02 1.19692E+01
2.74851E-02 1.13613E+01
2.86726E-02 1.07842E+01
2.94463E-02 1.04236E+01
3.09961E-02 9.74970E+00
3.20982E-02 9.31244E+00
3.29505E-02 8.99741E+00
3.42715E-02 8.54474E+00
3.56455E-02 8.11484E+00
3.71953E-02 7.69400E+00
3.86211E-02 7.36362E+00
4.01015E-02 7.04742E+00
4.17155E-02 6.75635E+00
4.33945E-02 6.47731E+00
4.34912E-02 6.46269E+00
4.49916E-02 6.24989E+00
4.65437E-02 6.04410E+00
4.95937E-02 5.69820E+00
5.26021E-02 5.41349E+00
5.57929E-02 5.14301E+00
5.88926E-02 4.91300E+00
6.19922E-02 4.70430E+00
6.62547E-02 4.43643E+00
6.91609E-02 4.25132E+00
7.17745E-02 4.07657E+00
7.43906E-02 3.89110E+00
7.74902E-02 3.66072E+00
8.03439E-02 3.45702E+00
8.33026E-02 3.26465E+00
8.67890E-02 3.07800E+00
8.98886E-02 2.94926E+00
9.27493E-02 2.84344E+00
9.57010E-02 2.74141E+00
9.80245E-02 2.65560E+00
9.91875E-02 2.61000E+00
1.02190E-01 2.48346E+00
1.04916E-01 2.35362E+00
1.08409E-01 2.20145E+00
1.10681E-01 2.11025E+00
1.14178E-01 1.98048E+00
1.17785E-01 1.85869E+00
1.18978E-01 1.82087E+00
1.22316E-01 1.72093E+00
1.23984E-01 1.67400E+00
1.28440E-01 1.57727E+00
1.32170E-01 1.51136E+00
1.38101E-01 1.42630E+00
1.46111E-01 1.33583E+00
1.48781E-01 1.30930E+00
1.54856E-01 1.25472E+00
1.61180E-01 1.20241E+00
1.70478E-01 1.13876E+00
1.73578E-01 1.12060E+00
1.85563E-01 1.06012E+00
1.98375E-01 1.00290E+00
2.04574E-01 9.73506E-01
2.15423E-01 9.20473E-01
2.23559E-01 8.80627E-01
2.29580E-01 8.51034E-01
2.35764E-01 8.22435E-01
2.41789E-01 7.94493E-01
2.47969E-01 7.67500E-01
2.55600E-01 7.34734E-01
2.63467E-01 7.03367E-01
2.73038E-01 6.66047E-01
2.82957E-01 6.30708E-01
2.91001E-01 6.02591E-01
2.99273E-01 5.75728E-01
3.08227E-01 5.47119E-01
3.17449E-01 5.19931E-01
3.24185E-01 5.00376E-01
3.31063E-01 4.81556E-01
3.40957E-01 4.55313E-01
3.51520E-01 4.28795E-01
3.61592E-01 4.04467E-01
3.71953E-01 3.81520E-01
3.82925E-01 3.57789E-01
3.94221E-01 3.35534E-01
4.03436E-01 3.17967E-01
4.12868E-01 3.01319E-01
4.23130E-01 2.83907E-01
4.33648E-01 2.67502E-01
4.44630E-01 2.51169E-01
4.55890E-01 2.35833E-01
4.69053E-01 2.18949E-01
4.82597E-01 2.03274E-01
4.95937E-01 1.89000E-01
5.04350E-01 1.80498E-01
5.17238E-01 1.68458E-01
5.30455E-01 1.57220E-01
5.38538E-01 1.50661E-01
5.50894E-01 1.41332E-01
5.63534E-01 1.32581E-01
5.73812E-01 1.25817E-01
5.81644E-01 1.20971E-01
5.93593E-01 1.14050E-01
6.05787E-01 1.07525E-01
6.15460E-01 1.02579E-01
6.30258E-01 9.55834E-02
6.45413E-01 8.90649E-02
6.58773E-01 8.36742E-02
6.68974E-01 7.98464E-02
6.84574E-01 7.44305E-02
7.00536E-01 6.93819E-02
7.16816E-01 6.45706E-02
7.29273E-01 6.11824E-02
7.38758E-01 5.87585E-02
7.53217E-01 5.53014E-02
7.67959E-01 5.20477E-02
7.78077E-01 4.99074E-02
7.96107E-01 4.63716E-02
8.09902E-01 4.38851E-02
8.20405E-01 4.21081E-02
8.36416E-01 3.95766E-02
8.52739E-01 3.71973E-02
8.69953E-01 3.48425E-02
8.83091E-01 3.31748E-02
9.03171E-01 3.08216E-02
9.23708E-01 2.86354E-02
9.37119E-01 2.72935E-02
9.49013E-01 2.61710E-02
9.70192E-01 2.43166E-02
9.86386E-01 2.30126E-02
9.98709E-01 2.20806E-02
1.01748E+00 2.07530E-02
1.03661E+00 1.95052E-02
1.05265E+00 1.85179E-02
1.06689E+00 1.76952E-02
1.07950E+00 1.70053E-02
1.10194E+00 1.58621E-02
1.11908E+00 1.50554E-02
1.14528E+00 1.39217E-02
1.17210E+00 1.28733E-02
1.18868E+00 1.22710E-02
1.21399E+00 1.14200E-02
1.23984E+00 1.06280E-02
1.26169E+00 1.00091E-02
1.28113E+00 9.49724E-03
1.29838E+00 9.07086E-03
1.31367E+00 8.71351E-03
1.34085E+00 8.12169E-03
1.36160E+00 7.70436E-03
1.37738E+00 7.40550E-03
1.40139E+00 6.97880E-03
1.42582E+00 6.57668E-03
1.45555E+00 6.12307E-03
1.48399E+00 5.72628E-03
1.51116E+00 5.37766E-03
1.53708E+00 5.07014E-03
1.56178E+00 4.79782E-03
1.58530E+00 4.55583E-03
1.60768E+00 4.34005E-03
1.62894E+00 4.14705E-03
1.64912E+00 3.97392E-03
1.66827E+00 3.81818E-03
1.70479E+00 3.54243E-03
1.73739E+00 3.31753E-03
1.76643E+00 3.13249E-03
1.79223E+00 2.97906E-03
1.81512E+00 2.85099E-03
1.85589E+00 2.63998E-03
1.88706E+00 2.49203E-03
1.91078E+00 2.38653E-03
1.94692E+00 2.23661E-03
1.98375E+00 2.09610E-03
2.01161E+00 1.99739E-03
2.03808E+00 1.90907E-03
2.06322E+00 1.82982E-03
2.08707E+00 1.75851E-03
2.13252E+00 1.63222E-03
2.17311E+00 1.52918E-03
2.20926E+00 1.44437E-03
2.24138E+00 1.37402E-03
2.26987E+00 1.31529E-03
2.32059E+00 1.21848E-03
2.35938E+00 1.15058E-03
2.38890E+00 1.10215E-03
2.43387E+00 1.03330E-03
2.47969E+00 9.68750E-04
2.50876E+00 9.30892E-04
2.56418E+00 8.63851E-04
2.61369E+00 8.09162E-04
2.65778E+00 7.64157E-04
2.69698E+00 7.26837E-04
2.73175E+00 6.95679E-04
2.79368E+00 6.44333E-04
2.84105E+00 6.08326E-04
2.87710E+00 5.82647E-04
2.93204E+00 5.46147E-04
2.98802E+00 5.11934E-04
3.04949E+00 4.77859E-04
3.10432E+00 4.49908E-04
3.15309E+00 4.26796E-04
3.19640E+00 4.07549E-04
3.23479E+00 3.91422E-04
3.30307E+00 3.64719E-04
3.35523E+00 3.45894E-04
3.39489E+00 3.32416E-04
3.45525E+00 3.13177E-04
3.51669E+00 2.95051E-04
3.55828E+00 2.83669E-04
3.63758E+00 2.63499E-04
3.70842E+00 2.47029E-04
3.77154E+00 2.33466E-04
3.82765E+00 2.22209E-04
3.87743E+00 2.12806E-04
3.96610E+00 1.97299E-04
4.03394E+00 1.86414E-04
4.08557E+00 1.78646E-04
4.16427E+00 1.67597E-04
4.24448E+00 1.57232E-04
4.33189E+00 1.46963E-04
4.40985E+00 1.38530E-04
4.47922E+00 1.31549E-04
4.54081E+00 1.25730E-04
4.59540E+00 1.20849E-04
4.69251E+00 1.12760E-04
4.76668E+00 1.07050E-04
4.88015E+00 9.90235E-05
4.99632E+00 9.15985E-05
5.06976E+00 8.73087E-05
5.13491E+00 8.37202E-05
5.25094E+00 7.77916E-05
5.33968E+00 7.36223E-05
5.40722E+00 7.06427E-05
5.51013E+00 6.63978E-05
5.61500E+00 6.24080E-05
5.68333E+00 5.99949E-05
5.81370E+00 5.57190E-05
5.93022E+00 5.22283E-05
6.03408E+00 4.93538E-05
6.12646E+00 4.69688E-05
6.20845E+00 4.49766E-05
6.35458E+00 4.16914E-05
6.46643E+00 3.93859E-05
6.55161E+00 3.77409E-05
6.68148E+00 3.54013E-05
6.81393E+00 3.32067E-05
6.94523E+00 3.12200E-05
7.06219E+00 2.95793E-05
7.16615E+00 2.82147E-05
7.25837E+00 2.70723E-05
7.42261E+00 2.51834E-05
7.54822E+00 2.38537E-05
7.64383E+00 2.29027E-05
7.78951E+00 2.15468E-05
7.93797E+00 2.02712E-05
8.05564E+00 1.93380E-05
8.16754E+00 1.85022E-05
8.27386E+00 1.77515E-05
8.47695E+00 1.64251E-05
8.65873E+00 1.53460E-05
8.82099E+00 1.44601E-05
8.96546E+00 1.37270E-05
9.09381E+00 1.31161E-05
9.20763E+00 1.26039E-05
9.41024E+00 1.17552E-05
9.56511E+00 1.11564E-05
9.68294E+00 1.07274E-05
9.86241E+00 1.01146E-05
1.00452E+01 9.53688E-06
1.02591E+01 8.91991E-06
1.04499E+01 8.41290E-06
1.06198E+01 7.99296E-06
1.07708E+01 7.64274E-06
1.09046E+01 7.34892E-06
1.11428E+01 6.86164E-06
1.13249E+01 6.51750E-06
1.16036E+01 6.03339E-06
1.18891E+01 5.58523E-06
1.20689E+01 5.32736E-06
1.22399E+01 5.09643E-06
1.24024E+01 4.88904E-06
1.27130E+01 4.52265E-06
1.29912E+01 4.22466E-06
1.32395E+01 3.98006E-06
1.34607E+01 3.77769E-06
1.36573E+01 3.60907E-06
1.38317E+01 3.46771E-06
1.41422E+01 3.23353E-06
1.43796E+01 3.06834E-06
1.45603E+01 2.95000E-06
1.48356E+01 2.78100E-06
1.51162E+01 2.62168E-06
1.53809E+01 2.48340E-06
1.56333E+01 2.36040E-06
1.58737E+01 2.25062E-06
1.61024E+01 2.15235E-06
1.63198E+01 2.06412E-06
1.65263E+01 1.98469E-06
1.69206E+01 1.84390E-06
1.72732E+01 1.72893E-06
1.75878E+01 1.63423E-06
1.78678E+01 1.55563E-06
1.81164E+01 1.48996E-06
1.85599E+01 1.38165E-06
1.88996E+01 1.30561E-06
1.91585E+01 1.25134E-06
1.95534E+01 1.17413E-06
1.99565E+01 1.10169E-06
2.02292E+01 1.05633E-06
2.04883E+01 1.01550E-06
2.09830E+01 9.43154E-07
2.14256E+01 8.84092E-07
2.18206E+01 8.35454E-07
2.21721E+01 7.95096E-07
2.24844E+01 7.61385E-07
2.30415E+01 7.05794E-07
2.34683E+01 6.66781E-07
2.37936E+01 6.38943E-07
2.42901E+01 5.99350E-07
2.47969E+01 5.62210E-07
2.52579E+01 5.31227E-07
2.56979E+01 5.03733E-07
2.61174E+01 4.79250E-07
2.65169E+01 4.57380E-07
2.68969E+01 4.37784E-07
2.72582E+01 4.20176E-07
2.79486E+01 3.89048E-07
2.85671E+01 3.63708E-07
2.91195E+01 3.42893E-07
2.96116E+01 3.25660E-07
3.00490E+01 3.11292E-07
3.04371E+01 2.99242E-07
3.11282E+01 2.79265E-07
3.16568E+01 2.65163E-07
3.20592E+01 2.55056E-07
3.26724E+01 2.40612E-07
3.32972E+01 2.26987E-07
3.38823E+01 2.15221E-07
3.44402E+01 2.04744E-07
3.49715E+01 1.95386E-07
3.54771E+01 1.87002E-07
3.59577E+01 1.79469E-07
3.68764E+01 1.66152E-07
3.76995E+01 1.55313E-07
3.84348E+01 1.46411E-07
3.90900E+01 1.39041E-07
3.96724E+01 1.32897E-07
4.01891E+01 1.27744E-07
4.11096E+01 1.19203E-07
4.18138E+01 1.13174E-07
4.23498E+01 1.08853E-07
4.31668E+01 1.02680E-07
4.39996E+01 9.68560E-08
4.50987E+01 8.98743E-08
4.61540E+01 8.37866E-08
4.71659E+01 7.84545E-08
4.81346E+01 7.37643E-08
4.90608E+01 6.96221E-08
4.99453E+01 6.59504E-08
5.07890E+01 6.26842E-08
5.15929E+01 5.97692E-08
5.23582E+01 5.71596E-08
5.30859E+01 5.48167E-08
5.37773E+01 5.27075E-08
5.50980E+01 4.89690E-08
5.62803E+01 4.59161E-08
5.73355E+01 4.34013E-08
5.82751E+01 4.13141E-08
5.91098E+01 3.95703E-08
6.05995E+01 3.66939E-08
6.17414E+01 3.46746E-08
6.26118E+01 3.32335E-08
6.39406E+01 3.11832E-08
6.52976E+01 2.92595E-08
6.67644E+01 2.73686E-08
6.81694E+01 2.57070E-08
6.95135E+01 2.42410E-08
7.07976E+01 2.29426E-08
7.20230E+01 2.17887E-08
7.31911E+01 2.07596E-08
7.43033E+01 1.98390E-08
7.53614E+01 1.90130E-08
7.63671E+01 1.82700E-08
7.82890E+01 1.69541E-08
8.00102E+01 1.58807E-08
8.15474E+01 1.49974E-08
8.29166E+01 1.42649E-08
8.41335E+01 1.36534E-08
8.63062E+01 1.26456E-08
8.79725E+01 1.19389E-08
8.92432E+01 1.14349E-08
9.11839E+01 1.07185E-08
9.31668E+01 1.00470E-08
9.48270E+01 9.53186E-09
9.64634E+01 9.05803E-09
9.80757E+01 8.62147E-09
9.96633E+01 8.21863E-09
