# Coherent scattering form factor
# (Excerpt from EPICS2017 / EPDL)
#
# Momentum  Form-factor
#  (MeV)
#
0.00000E+00 9.90000E+01
2.47969E-05 9.90000E+01
4.95937E-05 9.89832E+01
9.91875E-05 9.89664E+01
1.23984E-04 9.89610E+01
2.47969E-04 9.89030E+01
3.40957E-04 9.88437E+01
3.71953E-04 9.88170E+01
4.64941E-04 9.87168E+01
4.95937E-04 9.86780E+01
5.88926E-04 9.85424E+01
6.19922E-04 9.85020E+01
6.27361E-04 9.84883E+01
7.12910E-04 9.83417E+01
7.43906E-04 9.82930E+01
8.52392E-04 9.80778E+01
9.45381E-04 9.78793E+01
9.91875E-04 9.77840E+01
1.11586E-03 9.75029E+01
1.20885E-03 9.72697E+01
1.23984E-03 9.71960E+01
1.36383E-03 9.68594E+01
1.45682E-03 9.65924E+01
1.59630E-03 9.61767E+01
1.73578E-03 9.57500E+01
1.98375E-03 9.49633E+01
2.23172E-03 9.41620E+01
2.47969E-03 9.33220E+01
3.09961E-03 9.11930E+01
3.71953E-03 8.89430E+01
4.33945E-03 8.66270E+01
4.95937E-03 8.42400E+01
5.57929E-03 8.17916E+01
6.19922E-03 7.93430E+01
6.64792E-03 7.75270E+01
7.12910E-03 7.57525E+01
7.43906E-03 7.45980E+01
7.96304E-03 7.26229E+01
8.52392E-03 7.07001E+01
9.19492E-03 6.83789E+01
9.91875E-03 6.61340E+01
1.05204E-02 6.42836E+01
1.11586E-02 6.24849E+01
1.17785E-02 6.07828E+01
1.23984E-02 5.91650E+01
1.32958E-02 5.68835E+01
1.42582E-02 5.46899E+01
1.48781E-02 5.33230E+01
1.57806E-02 5.13889E+01
1.67379E-02 4.95249E+01
1.73578E-02 4.83630E+01
1.85563E-02 4.62253E+01
1.98375E-02 4.41820E+01
2.10408E-02 4.23881E+01
2.23172E-02 4.06670E+01
2.35244E-02 3.91414E+01
2.47969E-02 3.76730E+01
2.63010E-02 3.60207E+01
2.78965E-02 3.44408E+01
2.94055E-02 3.29799E+01
3.09961E-02 3.15810E+01
3.23240E-02 3.04124E+01
3.37089E-02 2.92871E+01
3.56455E-02 2.77388E+01
3.60323E-02 2.74373E+01
3.71953E-02 2.65450E+01
3.86211E-02 2.54541E+01
4.01015E-02 2.44081E+01
4.17155E-02 2.32794E+01
4.33945E-02 2.22028E+01
4.34912E-02 2.21420E+01
4.54803E-02 2.09224E+01
4.75604E-02 1.97700E+01
4.95937E-02 1.87260E+01
5.22361E-02 1.75208E+01
5.50193E-02 1.63931E+01
5.80693E-02 1.53849E+01
6.06854E-02 1.46888E+01
6.19922E-02 1.43950E+01
6.50918E-02 1.38225E+01
6.79358E-02 1.33748E+01
7.09042E-02 1.29416E+01
7.43906E-02 1.24000E+01
7.74902E-02 1.18719E+01
7.97171E-02 1.14871E+01
8.31779E-02 1.09332E+01
8.67890E-02 1.04060E+01
9.05807E-02 9.95507E+00
9.45381E-02 9.52368E+00
9.76377E-02 9.18032E+00
9.91875E-02 9.00030E+00
1.02287E-01 8.61901E+00
1.05000E-01 8.27471E+00
1.08243E-01 7.85469E+00
1.11586E-01 7.45599E+00
1.14564E-01 7.11688E+00
1.19181E-01 6.63690E+00
1.23984E-01 6.18930E+00
1.27046E-01 5.95390E+00
1.30184E-01 5.72746E+00
1.34833E-01 5.43978E+00
1.38277E-01 5.25592E+00
1.41808E-01 5.07827E+00
1.48781E-01 4.77850E+00
1.54110E-01 4.58460E+00
1.59630E-01 4.39856E+00
1.68929E-01 4.13848E+00
1.73578E-01 4.02690E+00
1.81161E-01 3.86467E+00
1.89076E-01 3.70898E+00
1.98375E-01 3.52030E+00
2.07287E-01 3.32624E+00
2.14746E-01 3.16096E+00
2.20599E-01 3.03091E+00
2.26611E-01 2.90621E+00
2.35570E-01 2.72768E+00
2.41690E-01 2.61507E+00
2.47969E-01 2.50710E+00
2.55600E-01 2.38863E+00
2.63467E-01 2.27576E+00
2.73038E-01 2.15624E+00
2.82957E-01 2.04300E+00
2.91001E-01 1.96372E+00
2.99273E-01 1.88752E+00
3.09961E-01 1.80150E+00
3.17449E-01 1.74767E+00
3.26676E-01 1.68931E+00
3.36171E-01 1.63290E+00
3.48966E-01 1.56869E+00
3.64291E-01 1.50429E+00
3.71953E-01 1.47670E+00
3.87451E-01 1.42890E+00
4.14579E-01 1.36269E+00
4.48765E-01 1.29583E+00
4.85771E-01 1.23225E+00
4.95937E-01 1.21460E+00
5.30455E-01 1.15277E+00
5.63534E-01 1.09259E+00
5.84661E-01 1.05437E+00
6.04784E-01 1.01747E+00
6.25600E-01 9.81871E-01
6.44507E-01 9.48790E-01
6.63986E-01 9.16823E-01
6.81914E-01 8.87634E-01
7.16853E-01 8.32927E-01
7.40707E-01 7.96828E-01
7.65355E-01 7.62294E-01
7.94459E-01 7.22155E-01
8.24669E-01 6.84130E-01
8.50223E-01 6.52808E-01
8.76569E-01 6.22920E-01
8.98984E-01 5.98177E-01
9.21972E-01 5.74416E-01
9.60888E-01 5.35810E-01
1.00145E+00 4.99799E-01
1.03081E+00 4.75014E-01
1.06103E+00 4.51459E-01
1.08271E+00 4.35038E-01
1.11607E+00 4.11520E-01
1.15045E+00 3.89273E-01
1.19431E+00 3.62485E-01
1.23984E+00 3.37540E-01
1.28550E+00 3.14307E-01
1.33283E+00 2.92674E-01
1.37291E+00 2.75622E-01
1.41419E+00 2.59564E-01
1.44852E+00 2.46900E-01
1.47481E+00 2.37809E-01
1.51514E+00 2.24796E-01
1.55657E+00 2.12495E-01
1.60909E+00 1.97909E-01
1.66337E+00 1.84325E-01
1.70205E+00 1.75260E-01
1.73165E+00 1.68755E-01
1.77701E+00 1.59447E-01
1.82356E+00 1.50653E-01
1.86235E+00 1.43701E-01
1.92209E+00 1.33869E-01
1.98375E+00 1.24710E-01
2.04303E+00 1.16568E-01
2.08865E+00 1.10812E-01
2.12353E+00 1.06683E-01
2.17695E+00 1.00775E-01
2.23172E+00 9.51945E-02
2.29128E+00 8.95352E-02
2.33700E+00 8.55126E-02
2.40729E+00 7.98150E-02
2.47969E+00 7.44970E-02
2.55497E+00 6.94381E-02
2.62271E+00 6.52941E-02
2.68345E+00 6.18715E-02
2.73776E+00 5.90243E-02
2.78618E+00 5.66406E-02
2.87298E+00 5.26985E-02
2.93985E+00 4.99230E-02
2.99102E+00 4.79378E-02
3.06946E+00 4.51070E-02
3.14995E+00 4.24433E-02
3.20858E+00 4.06210E-02
3.26453E+00 3.89838E-02
3.31788E+00 3.75089E-02
3.42026E+00 3.48921E-02
3.51244E+00 3.27526E-02
3.59513E+00 3.09885E-02
3.66907E+00 2.95230E-02
3.73502E+00 2.82977E-02
3.85330E+00 2.62744E-02
3.94446E+00 2.48525E-02
4.01425E+00 2.38368E-02
4.12124E+00 2.23905E-02
4.23109E+00 2.10320E-02
4.35818E+00 1.95879E-02
4.47250E+00 1.84059E-02
4.57500E+00 1.74303E-02
4.66661E+00 1.66192E-02
4.74827E+00 1.59405E-02
4.89463E+00 1.48187E-02
5.00735E+00 1.40295E-02
5.09359E+00 1.34653E-02
5.22575E+00 1.26613E-02
5.36133E+00 1.19053E-02
5.46524E+00 1.13643E-02
5.56448E+00 1.08795E-02
5.65915E+00 1.04438E-02
5.74937E+00 1.00511E-02
5.92243E+00 9.35429E-03
6.07812E+00 8.78431E-03
6.21770E+00 8.31414E-03
6.34247E+00 7.92343E-03
6.45369E+00 7.59665E-03
6.65303E+00 7.05688E-03
6.80658E+00 6.67737E-03
6.92405E+00 6.40620E-03
7.10408E+00 6.01994E-03
7.28879E+00 5.65698E-03
7.42539E+00 5.40683E-03
7.54701E+00 5.19704E-03
7.76465E+00 4.84931E-03
7.93200E+00 4.60387E-03
8.05987E+00 4.42797E-03
8.25555E+00 4.17665E-03
8.45598E+00 3.93959E-03
8.64114E+00 3.73606E-03
8.82438E+00 3.54893E-03
9.00560E+00 3.37659E-03
9.18471E+00 3.21761E-03
9.36161E+00 3.07075E-03
9.53623E+00 2.93487E-03
9.70851E+00 2.80897E-03
9.87836E+00 2.69216E-03
1.00457E+01 2.58364E-03
1.02106E+01 2.48268E-03
1.03729E+01 2.38864E-03
1.06947E+01 2.21645E-03
1.10054E+01 2.06631E-03
1.13050E+01 1.93481E-03
1.15932E+01 1.81914E-03
1.18700E+01 1.71698E-03
1.21356E+01 1.62643E-03
1.23899E+01 1.54588E-03
1.26332E+01 1.47399E-03
1.28656E+01 1.40963E-03
1.30874E+01 1.35185E-03
1.32988E+01 1.29983E-03
1.37044E+01 1.20763E-03
1.40694E+01 1.13234E-03
1.43968E+01 1.07032E-03
1.46895E+01 1.01884E-03
1.49505E+01 9.75840E-04
1.51827E+01 9.39702E-04
1.55977E+01 8.79651E-04
1.59163E+01 8.37145E-04
1.64066E+01 7.77206E-04
1.69120E+01 7.21558E-04
1.73213E+01 6.80509E-04
1.77141E+01 6.44148E-04
1.80905E+01 6.11826E-04
1.84505E+01 5.82999E-04
1.87946E+01 5.57208E-04
1.91230E+01 5.34067E-04
1.94361E+01 5.13245E-04
2.00370E+01 4.76368E-04
2.05780E+01 4.46280E-04
2.10633E+01 4.21516E-04
2.14974E+01 4.00978E-04
2.18845E+01 3.83830E-04
2.22290E+01 3.69428E-04
2.28449E+01 3.45512E-04
2.33180E+01 3.28597E-04
2.40461E+01 3.04764E-04
2.47969E+01 2.82660E-04
2.52048E+01 2.71633E-04
2.56064E+01 2.61360E-04
2.64029E+01 2.42550E-04
2.71720E+01 2.26146E-04
2.79134E+01 2.11777E-04
2.86268E+01 1.99137E-04
2.93122E+01 1.87972E-04
2.99696E+01 1.78074E-04
3.05993E+01 1.69269E-04
3.12017E+01 1.61410E-04
3.17772E+01 1.54374E-04
3.23264E+01 1.48056E-04
3.28499E+01 1.42369E-04
3.38543E+01 1.32286E-04
3.47584E+01 1.24052E-04
3.55692E+01 1.17268E-04
3.62942E+01 1.11638E-04
3.69406E+01 1.06933E-04
3.75157E+01 1.02980E-04
3.85438E+01 9.64095E-05
3.93333E+01 9.17584E-05
4.05479E+01 8.51991E-05
4.18001E+01 7.91086E-05
4.27045E+01 7.51098E-05
4.35994E+01 7.14287E-05
4.44841E+01 6.80349E-05
4.53584E+01 6.49009E-05
4.62216E+01 6.20026E-05
4.70736E+01 5.93184E-05
4.79139E+01 5.68289E-05
4.87423E+01 5.45169E-05
4.95585E+01 5.23669E-05
5.03621E+01 5.03650E-05
5.11531E+01 4.84986E-05
5.27211E+01 4.50770E-05
5.42348E+01 4.20889E-05
5.56933E+01 3.94677E-05
5.70962E+01 3.71587E-05
5.84435E+01 3.51169E-05
5.97355E+01 3.33047E-05
6.09727E+01 3.16908E-05
6.21558E+01 3.02489E-05
6.32858E+01 2.89567E-05
6.43639E+01 2.77955E-05
6.53912E+01 2.67492E-05
6.73618E+01 2.48923E-05
6.91348E+01 2.33736E-05
7.07244E+01 2.21209E-05
7.21452E+01 2.10800E-05
7.34118E+01 2.02095E-05
7.56822E+01 1.87717E-05
7.74309E+01 1.77609E-05
7.87689E+01 1.70387E-05
8.08193E+01 1.60100E-05
8.29232E+01 1.50435E-05
8.47390E+01 1.42813E-05
8.65359E+01 1.35798E-05
8.83131E+01 1.29331E-05
9.00694E+01 1.23360E-05
9.18042E+01 1.17839E-05
9.35167E+01 1.12726E-05
9.52061E+01 1.07984E-05
9.68717E+01 1.03581E-05
9.85132E+01 9.94866E-06
