0.000000000000000	350.004000000000019	0.000000001761587
1.000000000000000	375.017999999999972	0.000000007907133
2.000000000000000	400.014000000000010	0.000000030036877
3.000000000000000	424.983000000000004	0.000000080635569
4.000000000000000	449.990999999999985	0.000000167892350
5.000000000000000	474.995000000000004	0.000000295673830
6.000000000000000	499.985000000000013	0.000000466328850
7.000000000000000	524.990999999999985	0.000000628429380
8.000000000000000	550.001999999999952	0.000000723132360
9.000000000000000	575.009999999999990	0.000000779690130
10.000000000000000	600.005999999999971	0.000001262345500
11.000000000000000	625.015999999999962	0.000001395547700
12.000000000000000	649.993000000000051	0.000001413166300
13.000000000000000	674.998000000000047	0.000001650374000
14.000000000000000	699.984000000000037	0.000001762419300
15.000000000000000	725.009000000000014	0.000001555071700
16.000000000000000	749.990999999999985	0.000001290555100
17.000000000000000	774.985000000000013	0.000001020254400
18.000000000000000	800.011999999999943	0.000000780173220
19.000000000000000	824.989000000000032	0.000000600371510
20.000000000000000	849.999999999999999	0.000000472136200
21.000000000000000	874.995999999999980	0.000000376415820
22.000000000000000	899.990999999999985	0.000000319164270
23.000000000000000	924.999000000000023	0.000000258006840
24.000000000000000	949.999000000000023	0.000000200727690
25.000000000000000	974.999999999999999	0.000000155084520
26.000000000000000	1000.009000000000010	0.000000113899730
27.000000000000000	1025.001999999999950	0.000000074376537
