0.000000000000000	350.004000000000019	0.000000001762626
1.000000000000000	375.017999999999972	0.000000007903319
2.000000000000000	400.014000000000010	0.000000029996863
3.000000000000000	424.983000000000004	0.000000080556310
4.000000000000000	449.990999999999985	0.000000167775170
5.000000000000000	474.995000000000004	0.000000295560870
6.000000000000000	499.985000000000013	0.000000465781410
7.000000000000000	524.990999999999985	0.000000627649400
8.000000000000000	550.001999999999952	0.000000722365700
9.000000000000000	575.009999999999990	0.000000778049150
10.000000000000000	600.005999999999971	0.000001261168700
11.000000000000000	625.015999999999962	0.000001393845500
12.000000000000000	649.993000000000051	0.000001412066600
13.000000000000000	674.998000000000047	0.000001648533200
14.000000000000000	699.984000000000037	0.000001759712300
15.000000000000000	725.009000000000014	0.000001553501700
16.000000000000000	749.990999999999985	0.000001289744800
17.000000000000000	774.985000000000013	0.000001019183100
18.000000000000000	800.011999999999943	0.000000780312100
19.000000000000000	824.989000000000032	0.000000600044400
20.000000000000000	849.999999999999999	0.000000471630660
21.000000000000000	874.995999999999980	0.000000376164280
22.000000000000000	899.990999999999985	0.000000318821960
23.000000000000000	924.999000000000023	0.000000257770600
24.000000000000000	949.999000000000023	0.000000200596760
25.000000000000000	974.999999999999999	0.000000154883300
26.000000000000000	1000.009000000000010	0.000000113752430
27.000000000000000	1025.001999999999950	0.000000074319955
