0.000000000000000	350.004000000000019	0.000000001760751
1.000000000000000	375.017999999999972	0.000000007904812
2.000000000000000	400.014000000000010	0.000000029991063
3.000000000000000	424.983000000000004	0.000000080638114
4.000000000000000	449.990999999999985	0.000000167759870
5.000000000000000	474.995000000000004	0.000000295523090
6.000000000000000	499.985000000000013	0.000000466048490
7.000000000000000	524.990999999999985	0.000000627549420
8.000000000000000	550.001999999999952	0.000000722580840
9.000000000000000	575.009999999999990	0.000000778014610
10.000000000000000	600.005999999999971	0.000001260900100
11.000000000000000	625.015999999999962	0.000001394475800
12.000000000000000	649.993000000000051	0.000001412577400
13.000000000000000	674.998000000000047	0.000001648972200
14.000000000000000	699.984000000000037	0.000001759300700
15.000000000000000	725.009000000000014	0.000001553861500
16.000000000000000	749.990999999999985	0.000001289604300
17.000000000000000	774.985000000000013	0.000001019126200
18.000000000000000	800.011999999999943	0.000000780047430
19.000000000000000	824.989000000000032	0.000000599855870
20.000000000000000	849.999999999999999	0.000000471355710
21.000000000000000	874.995999999999980	0.000000375897810
22.000000000000000	899.990999999999985	0.000000318721860
23.000000000000000	924.999000000000023	0.000000257704350
24.000000000000000	949.999000000000023	0.000000200532390
25.000000000000000	974.999999999999999	0.000000154946820
26.000000000000000	1000.009000000000010	0.000000113688680
27.000000000000000	1025.001999999999950	0.000000074321879
