# Coherent scattering form factor
# (Excerpt from EPICS2017 / EPDL)
#
# Momentum  Form-factor
#  (MeV)
#
0.00000E+00 8.50000E+01
2.47969E-05 8.50000E+01
4.95937E-05 8.49927E+01
9.91875E-05 8.49854E+01
1.23984E-04 8.49830E+01
1.66603E-04 8.49638E+01
2.13097E-04 8.49478E+01
2.47969E-04 8.49380E+01
3.09961E-04 8.48978E+01
3.71953E-04 8.48650E+01
4.95937E-04 8.47610E+01
6.19922E-04 8.46290E+01
6.27361E-04 8.46185E+01
7.43906E-04 8.44680E+01
9.29882E-04 8.41702E+01
9.91875E-04 8.40670E+01
1.17785E-03 8.36944E+01
1.23984E-03 8.35670E+01
1.36383E-03 8.32827E+01
1.54980E-03 8.28098E+01
1.61180E-03 8.26482E+01
1.73578E-03 8.23070E+01
1.95275E-03 8.16667E+01
2.13873E-03 8.10791E+01
2.23172E-03 8.07830E+01
2.47969E-03 7.99520E+01
2.75096E-03 7.90055E+01
2.94463E-03 7.83106E+01
3.09961E-03 7.77520E+01
3.40957E-03 7.66169E+01
3.71953E-03 7.54870E+01
4.18447E-03 7.38027E+01
4.33945E-03 7.32560E+01
4.80439E-03 7.16288E+01
4.95937E-03 7.11010E+01
5.57929E-03 6.90387E+01
5.88926E-03 6.80395E+01
6.19922E-03 6.70680E+01
6.81914E-03 6.51738E+01
7.12910E-03 6.42566E+01
7.43906E-03 6.33550E+01
7.96304E-03 6.18055E+01
8.52392E-03 6.02939E+01
8.67890E-03 5.98671E+01
9.45381E-03 5.77863E+01
9.91875E-03 5.65770E+01
1.05204E-02 5.49964E+01
1.11586E-02 5.34599E+01
1.17622E-02 5.19861E+01
1.23984E-02 5.05530E+01
1.32958E-02 4.85329E+01
1.42582E-02 4.65936E+01
1.48781E-02 4.53850E+01
1.60702E-02 4.31678E+01
1.73578E-02 4.10590E+01
1.82640E-02 3.96354E+01
1.92176E-02 3.82612E+01
1.98375E-02 3.73990E+01
2.07465E-02 3.61607E+01
2.16973E-02 3.49634E+01
2.23172E-02 3.41980E+01
2.32285E-02 3.30843E+01
2.41769E-02 3.20068E+01
2.47969E-02 3.13100E+01
2.63467E-02 2.96269E+01
2.74851E-02 2.84257E+01
2.86726E-02 2.72732E+01
2.94463E-02 2.65338E+01
3.09961E-02 2.51190E+01
3.24416E-02 2.38489E+01
3.35698E-02 2.29386E+01
3.53361E-02 2.16379E+01
3.71953E-02 2.04110E+01
3.92688E-02 1.92197E+01
4.14579E-02 1.80980E+01
4.37208E-02 1.71255E+01
4.61073E-02 1.62052E+01
4.64941E-02 1.60710E+01
4.95937E-02 1.50990E+01
5.22361E-02 1.44125E+01
5.50193E-02 1.37572E+01
5.88926E-02 1.29820E+01
6.19922E-02 1.24350E+01
6.62547E-02 1.17415E+01
6.91609E-02 1.12641E+01
7.12910E-02 1.08982E+01
7.17745E-02 1.08123E+01
7.43906E-02 1.03300E+01
7.74902E-02 9.72794E+00
8.03439E-02 9.19947E+00
8.33026E-02 8.69971E+00
8.36894E-02 8.64080E+00
8.56261E-02 8.36940E+00
8.67890E-02 8.22520E+00
8.98886E-02 7.90709E+00
9.27493E-02 7.65882E+00
9.57010E-02 7.41835E+00
9.91875E-02 7.11150E+00
1.02287E-01 6.80299E+00
1.05000E-01 6.51923E+00
1.07347E-01 6.26826E+00
1.09746E-01 6.02695E+00
1.13250E-01 5.69199E+00
1.16865E-01 5.37565E+00
1.17785E-01 5.30229E+00
1.20424E-01 5.10824E+00
1.23984E-01 4.88420E+00
1.28440E-01 4.66412E+00
1.32170E-01 4.51635E+00
1.40230E-01 4.26270E+00
1.48781E-01 4.02330E+00
1.54980E-01 3.84688E+00
1.59434E-01 3.72115E+00
1.66356E-01 3.54023E+00
1.73578E-01 3.36810E+00
1.79670E-01 3.24264E+00
1.85976E-01 3.12185E+00
1.92176E-01 2.99984E+00
1.98375E-01 2.86880E+00
2.04574E-01 2.72652E+00
2.10000E-01 2.59859E+00
2.14693E-01 2.48688E+00
2.19492E-01 2.37998E+00
2.23812E-01 2.28725E+00
2.30452E-01 2.15488E+00
2.37289E-01 2.03018E+00
2.44408E-01 1.91911E+00
2.47969E-01 1.87020E+00
2.55730E-01 1.77828E+00
2.62971E-01 1.70730E+00
2.72989E-01 1.62735E+00
2.82164E-01 1.56849E+00
2.93397E-01 1.51007E+00
3.07804E-01 1.45098E+00
3.09961E-01 1.44327E+00
3.16954E-01 1.41967E+00
3.43354E-01 1.34492E+00
3.71953E-01 1.27410E+00
3.87451E-01 1.23526E+00
4.14579E-01 1.16630E+00
4.34912E-01 1.11485E+00
4.49916E-01 1.07644E+00
4.65437E-01 1.03936E+00
4.80445E-01 1.00262E+00
4.95937E-01 9.67170E-01
5.12906E-01 9.27878E-01
5.30455E-01 8.90183E-01
5.46744E-01 8.55188E-01
5.63534E-01 8.21569E-01
5.84279E-01 7.80425E-01
6.05787E-01 7.41342E-01
6.25286E-01 7.06616E-01
6.45413E-01 6.73517E-01
6.63412E-01 6.44639E-01
6.81914E-01 6.16999E-01
6.99991E-01 5.90922E-01
7.24591E-01 5.57045E-01
7.50056E-01 5.25110E-01
7.80067E-01 4.89240E-01
8.11279E-01 4.55821E-01
8.37632E-01 4.29106E-01
8.64840E-01 4.03956E-01
8.81219E-01 3.89273E-01
9.06370E-01 3.68244E-01
9.32238E-01 3.48350E-01
9.60018E-01 3.28002E-01
9.88626E-01 3.08842E-01
1.01033E+00 2.94877E-01
1.04378E+00 2.75105E-01
1.07834E+00 2.56658E-01
1.09799E+00 2.46594E-01
1.12813E+00 2.32234E-01
1.15910E+00 2.18710E-01
1.17878E+00 2.10449E-01
1.20893E+00 1.98638E-01
1.23984E+00 1.87490E-01
1.26246E+00 1.79669E-01
1.29717E+00 1.68546E-01
1.33283E+00 1.58111E-01
1.37291E+00 1.47195E-01
1.41419E+00 1.37033E-01
1.44852E+00 1.29133E-01
1.47481E+00 1.23509E-01
1.51514E+00 1.15528E-01
1.55657E+00 1.08063E-01
1.60133E+00 1.00544E-01
1.63574E+00 9.52506E-02
1.66203E+00 9.14640E-02
1.70226E+00 8.60645E-02
1.74347E+00 8.09838E-02
1.77183E+00 7.76516E-02
1.82259E+00 7.21467E-02
1.86161E+00 6.82758E-02
1.89142E+00 6.55094E-02
1.93703E+00 6.15687E-02
1.98375E+00 5.78650E-02
2.02682E+00 5.46641E-02
2.06528E+00 5.20090E-02
2.09953E+00 4.97917E-02
2.12996E+00 4.79293E-02
2.18428E+00 4.48361E-02
2.22593E+00 4.26479E-02
2.28990E+00 3.95643E-02
2.35570E+00 3.67036E-02
2.41690E+00 3.42798E-02
2.47969E+00 3.20160E-02
2.54758E+00 2.97873E-02
2.61291E+00 2.78391E-02
2.67569E+00 2.61285E-02
2.73590E+00 2.46204E-02
2.79359E+00 2.32857E-02
2.84877E+00 2.21002E-02
2.90150E+00 2.10437E-02
2.95181E+00 2.00991E-02
2.99977E+00 1.92521E-02
3.04545E+00 1.84905E-02
3.13296E+00 1.71427E-02
3.21160E+00 1.60443E-02
3.28203E+00 1.51410E-02
3.34492E+00 1.43925E-02
3.40093E+00 1.37680E-02
3.45072E+00 1.32438E-02
3.53959E+00 1.23740E-02
3.60775E+00 1.17593E-02
3.65973E+00 1.13185E-02
3.73911E+00 1.06880E-02
3.82021E+00 1.00926E-02
3.90386E+00 9.52393E-03
3.98664E+00 9.00361E-03
4.06851E+00 8.52667E-03
4.14943E+00 8.08875E-03
4.22935E+00 7.68597E-03
4.30824E+00 7.31491E-03
4.38607E+00 6.97253E-03
4.46280E+00 6.65615E-03
4.53842E+00 6.36335E-03
4.61290E+00 6.09199E-03
4.68622E+00 5.84015E-03
4.75835E+00 5.60611E-03
4.82929E+00 5.38833E-03
4.89902E+00 5.18543E-03
5.03700E+00 4.81379E-03
5.16989E+00 4.48961E-03
5.29765E+00 4.20555E-03
5.42030E+00 3.95558E-03
5.53785E+00 3.73475E-03
5.65038E+00 3.53893E-03
5.75794E+00 3.36469E-03
5.86065E+00 3.20913E-03
5.95859E+00 3.06983E-03
6.05190E+00 2.94474E-03
6.14071E+00 2.83210E-03
6.31075E+00 2.63238E-03
6.46339E+00 2.46921E-03
6.59998E+00 2.33476E-03
6.72186E+00 2.22314E-03
6.83034E+00 2.12985E-03
7.02443E+00 1.97592E-03
7.17361E+00 1.86782E-03
7.28756E+00 1.79064E-03
7.46190E+00 1.68081E-03
7.64041E+00 1.57772E-03
7.77752E+00 1.50435E-03
7.91269E+00 1.43653E-03
8.04588E+00 1.37374E-03
8.17704E+00 1.31553E-03
8.30614E+00 1.26150E-03
8.43315E+00 1.21127E-03
8.55805E+00 1.16452E-03
8.80531E+00 1.07902E-03
9.04361E+00 1.00456E-03
9.27287E+00 9.39438E-04
9.49308E+00 8.82222E-04
9.70427E+00 8.31752E-04
9.90653E+00 7.87061E-04
1.01000E+01 7.47346E-04
1.02847E+01 7.11936E-04
1.04610E+01 6.80264E-04
1.06291E+01 6.51853E-04
1.07890E+01 6.26296E-04
1.10955E+01 5.81046E-04
1.13708E+01 5.44142E-04
1.16173E+01 5.13780E-04
1.18373E+01 4.88605E-04
1.20333E+01 4.67592E-04
1.22074E+01 4.49948E-04
1.25182E+01 4.20657E-04
1.27565E+01 3.99948E-04
1.31225E+01 3.70779E-04
1.34989E+01 3.43738E-04
1.38782E+01 3.19255E-04
1.42435E+01 2.97888E-04
1.45947E+01 2.79157E-04
1.49318E+01 2.62668E-04
1.52548E+01 2.48095E-04
1.55641E+01 2.35168E-04
1.58597E+01 2.23661E-04
1.61419E+01 2.13386E-04
1.64110E+01 2.04182E-04
1.66674E+01 1.95913E-04
1.69115E+01 1.88467E-04
1.73786E+01 1.75258E-04
1.77980E+01 1.64462E-04
1.81732E+01 1.55563E-04
1.85080E+01 1.48172E-04
1.88061E+01 1.41993E-04
1.93392E+01 1.31794E-04
1.97489E+01 1.24629E-04
2.00619E+01 1.19511E-04
2.05407E+01 1.12227E-04
2.10310E+01 1.05386E-04
2.14685E+01 9.97748E-05
2.18588E+01 9.51107E-05
2.22061E+01 9.12088E-05
2.28272E+01 8.47617E-05
2.33045E+01 8.02272E-05
2.36689E+01 7.69862E-05
2.42263E+01 7.23686E-05
2.47969E+01 6.80280E-05
2.52048E+01 6.51551E-05
2.56064E+01 6.24877E-05
2.60016E+01 6.00078E-05
2.63902E+01 5.76994E-05
2.71598E+01 5.34764E-05
2.79016E+01 4.97985E-05
2.86155E+01 4.65805E-05
2.93013E+01 4.37528E-05
2.99592E+01 4.12579E-05
3.05894E+01 3.90483E-05
3.11922E+01 3.70844E-05
3.17681E+01 3.53330E-05
3.23177E+01 3.37663E-05
3.28416E+01 3.23607E-05
3.33405E+01 3.10961E-05
3.42963E+01 2.88566E-05
3.51551E+01 2.70298E-05
3.59242E+01 2.55265E-05
3.66109E+01 2.42798E-05
3.72226E+01 2.32390E-05
3.77662E+01 2.23650E-05
3.87366E+01 2.09138E-05
3.94807E+01 1.98876E-05
4.06239E+01 1.84418E-05
4.18001E+01 1.71012E-05
4.27045E+01 1.61671E-05
4.35994E+01 1.53110E-05
4.44841E+01 1.45248E-05
4.53584E+01 1.38017E-05
4.62216E+01 1.31356E-05
4.70736E+01 1.25209E-05
4.79139E+01 1.19529E-05
4.87423E+01 1.14273E-05
4.95585E+01 1.09401E-05
5.03621E+01 1.04879E-05
5.11531E+01 1.00677E-05
5.19312E+01 9.67674E-06
5.26962E+01 9.31245E-06
5.42108E+01 8.64520E-06
5.56702E+01 8.06315E-06
5.70740E+01 7.55311E-06
5.84223E+01 7.10429E-06
5.97151E+01 6.70777E-06
6.09532E+01 6.35616E-06
6.21372E+01 6.04329E-06
6.32680E+01 5.76396E-06
6.43469E+01 5.51384E-06
6.53750E+01 5.28921E-06
6.63538E+01 5.08694E-06
6.82287E+01 4.72830E-06
6.99126E+01 4.43530E-06
7.14201E+01 4.19385E-06
7.27659E+01 3.99339E-06
7.39641E+01 3.82586E-06
7.61088E+01 3.54943E-06
7.77580E+01 3.35529E-06
7.90183E+01 3.21668E-06
8.09472E+01 3.01944E-06
8.29232E+01 2.83429E-06
8.47390E+01 2.67910E-06
8.65359E+01 2.53686E-06
8.83131E+01 2.40627E-06
9.00694E+01 2.28618E-06
9.18042E+01 2.17556E-06
9.35167E+01 2.07351E-06
9.52061E+01 1.97921E-06
9.68717E+01 1.89195E-06
9.85132E+01 1.81108E-06
