0.000000000000000	350.004000000000019	0.000000000729888
1.000000000000000	355.005999999999971	0.000000001032681
2.000000000000000	360.004999999999995	0.000000001403925
3.000000000000000	365.000999999999976	0.000000001851345
4.000000000000000	369.992999999999995	0.000000002379744
5.000000000000000	375.017999999999972	0.000000003079299
6.000000000000000	380.002999999999986	0.000000004029868
7.000000000000000	384.983999999999980	0.000000005306120
8.000000000000000	389.997999999999990	0.000000007025023
9.000000000000000	395.007999999999981	0.000000009090856
10.000000000000000	400.014000000000010	0.000000011517342
11.000000000000000	405.016000000000019	0.000000014288086
12.000000000000000	410.014000000000010	0.000000017576279
13.000000000000000	415.007999999999981	0.000000021412732
14.000000000000000	419.997000000000014	0.000000025816950
15.000000000000000	424.983000000000004	0.000000030848238
16.000000000000000	430.000999999999976	0.000000036588137
17.000000000000000	435.014000000000010	0.000000042882408
18.000000000000000	439.987000000000023	0.000000049600631
19.000000000000000	444.990999999999985	0.000000056756867
20.000000000000000	449.990999999999985	0.000000064339086
21.000000000000000	454.987000000000023	0.000000072270159
22.000000000000000	460.014000000000010	0.000000081240976
23.000000000000000	465.000000000000000	0.000000091194615
24.000000000000000	469.982000000000027	0.000000102102220
25.000000000000000	474.995000000000004	0.000000114001570
26.000000000000000	480.002999999999985	0.000000126403220
27.000000000000000	485.005999999999971	0.000000139515010
28.000000000000000	490.004000000000019	0.000000153390210
29.000000000000000	494.997000000000014	0.000000167390680
30.000000000000000	499.985000000000013	0.000000181339210
31.000000000000000	505.004000000000019	0.000000195413920
32.000000000000000	510.017999999999972	0.000000209282550
33.000000000000000	514.990000000000009	0.000000222591240
34.000000000000000	519.993000000000051	0.000000235424740
35.000000000000000	524.990999999999985	0.000000247556100
36.000000000000000	529.982999999999947	0.000000258750560
37.000000000000000	535.004999999999995	0.000000268984450
38.000000000000000	539.985999999999989	0.000000277847830
39.000000000000000	544.996999999999957	0.000000284576470
40.000000000000000	550.001999999999952	0.000000288812600
41.000000000000000	555.000999999999976	0.000000289944110
42.000000000000000	559.995000000000004	0.000000287963520
43.000000000000000	564.981999999999970	0.000000282554550
44.000000000000000	569.999999999999999	0.000000273823870
45.000000000000000	575.009999999999990	0.000000311455680
46.000000000000000	580.014999999999986	0.000000383747780
47.000000000000000	585.014000000000009	0.000000434875180
48.000000000000000	590.005999999999971	0.000000470624800
49.000000000000000	594.991999999999961	0.000000496441000
50.000000000000000	600.005999999999971	0.000000517185700
51.000000000000000	605.014999999999986	0.000000534218940
52.000000000000000	610.015999999999962	0.000000548878890
53.000000000000000	615.010999999999967	0.000000561259870
54.000000000000000	619.999000000000023	0.000000571511380
55.000000000000000	625.015999999999962	0.000000580231040
56.000000000000000	629.990000000000008	0.000000587268580
57.000000000000000	634.993000000000051	0.000000593079660
58.000000000000000	639.989000000000032	0.000000596842130
59.000000000000000	645.011999999999943	0.000000597807700
60.000000000000000	649.993000000000051	0.000000595359560
61.000000000000000	655.001999999999952	0.000000585443100
62.000000000000000	660.004000000000018	0.000000579074420
63.000000000000000	664.998000000000047	0.000000611191450
64.000000000000000	669.984000000000037	0.000000657901790
65.000000000000000	674.998000000000047	0.000000701956060
66.000000000000000	680.004000000000018	0.000000736258930
67.000000000000000	685.001999999999952	0.000000758798700
68.000000000000000	689.993000000000051	0.000000768232650
69.000000000000000	695.009999999999990	0.000000767461010
70.000000000000000	699.984000000000037	0.000000759903690
71.000000000000000	704.985000000000013	0.000000748488720
72.000000000000000	710.011999999999943	0.000000733309940
73.000000000000000	714.996999999999957	0.000000716256700
74.000000000000000	720.006999999999947	0.000000697761710
75.000000000000000	725.009000000000014	0.000000678341340
76.000000000000000	730.001999999999952	0.000000658114030
77.000000000000000	734.986999999999966	0.000000637789590
78.000000000000000	739.996999999999956	0.000000616120410
79.000000000000000	744.998000000000047	0.000000593698030
80.000000000000000	749.990999999999985	0.000000570437490
81.000000000000000	755.008000000000037	0.000000546941880
82.000000000000000	760.015999999999962	0.000000522996820
83.000000000000000	765.014999999999986	0.000000499869240
84.000000000000000	770.004999999999995	0.000000477289730
85.000000000000000	774.985000000000013	0.000000455143110
86.000000000000000	779.990000000000008	0.000000433030690
87.000000000000000	784.985000000000013	0.000000411722180
88.000000000000000	790.004000000000018	0.000000390794710
89.000000000000000	795.011999999999943	0.000000370733920
90.000000000000000	800.011999999999943	0.000000351517730
91.000000000000000	805.000999999999976	0.000000333811190
92.000000000000000	810.013000000000033	0.000000317110330
93.000000000000000	815.014999999999986	0.000000301497050
94.000000000000000	820.006999999999947	0.000000286889160
95.000000000000000	824.989000000000032	0.000000273014030
96.000000000000000	829.993000000000051	0.000000260019080
97.000000000000000	834.985999999999989	0.000000247814650
98.000000000000000	840.001999999999952	0.000000236624810
99.000000000000000	845.005999999999971	0.000000226229790
100.000000000000000	849.999999999999999	0.000000216717960
101.000000000000000	855.014999999999986	0.000000208102110
102.000000000000000	859.986999999999966	0.000000200109850
103.000000000000000	865.011999999999943	0.000000181762670
104.000000000000000	869.994000000000027	0.000000178979500
105.000000000000000	874.995999999999980	0.000000175214690
106.000000000000000	879.986999999999966	0.000000170793250
107.000000000000000	884.998000000000046	0.000000165952560
108.000000000000000	889.996999999999956	0.000000160726690
109.000000000000000	894.984000000000036	0.000000155387190
110.000000000000000	899.990999999999985	0.000000149905930
111.000000000000000	904.985999999999989	0.000000144444830
112.000000000000000	909.999999999999999	0.000000138816710
113.000000000000000	915.001999999999952	0.000000133286260
114.000000000000000	919.990999999999985	0.000000127798840
115.000000000000000	924.999000000000023	0.000000122284010
116.000000000000000	929.994000000000027	0.000000116616560
117.000000000000000	935.006999999999947	0.000000111058190
118.000000000000000	940.006999999999947	0.000000105827180
119.000000000000000	944.995000000000004	0.000000100797400
120.000000000000000	949.999000000000023	0.000000096063489
121.000000000000000	954.990000000000008	0.000000091487995
122.000000000000000	959.998000000000046	0.000000087022973
123.000000000000000	964.991999999999961	0.000000082810700
124.000000000000000	970.003000000000042	0.000000078774845
125.000000000000000	974.999999999999999	0.000000074820203
126.000000000000000	980.013000000000033	0.000000070816362
127.000000000000000	985.011999999999943	0.000000066891039
128.000000000000000	989.995000000000004	0.000000062968013
129.000000000000000	994.995000000000004	0.000000059103335
130.000000000000000	1000.009000000000010	0.000000055362116
131.000000000000000	1005.009000000000010	0.000000051657802
132.000000000000000	1009.993000000000050	0.000000047883337
133.000000000000000	1014.991999999999960	0.000000044074407
134.000000000000000	1020.004999999999990	0.000000040286288
135.000000000000000	1025.001999999999950	0.000000036560407
136.000000000000000	1030.011999999999940	0.000000032814660
137.000000000000000	1035.007000000000060	0.000000029198198
138.000000000000000	1040.015000000000100	0.000000025671642
139.000000000000000	1045.006000000000080	0.000000022288527
