0.000000000000000	350.004000000000019	0.000000000001584
1.000000000000000	355.005999999999971	0.000000000002738
2.000000000000000	360.004999999999995	0.000000000002346
3.000000000000000	365.000999999999976	0.000000000002789
4.000000000000000	369.992999999999995	0.000000000003407
5.000000000000000	375.017999999999972	0.000000000002604
6.000000000000000	380.002999999999986	0.000000000000420
7.000000000000000	384.983999999999980	0.000000000001903
8.000000000000000	389.997999999999990	0.000000000003593
9.000000000000000	395.007999999999981	0.000000000001461
10.000000000000000	400.014000000000010	0.000000000002006
11.000000000000000	405.016000000000019	0.000000000002006
12.000000000000000	410.014000000000010	0.000000000000946
13.000000000000000	415.007999999999981	0.000000000002202
14.000000000000000	419.997000000000014	0.000000000004602
15.000000000000000	424.983000000000004	0.000000000002470
16.000000000000000	430.000999999999976	0.000000000001996
17.000000000000000	435.014000000000010	0.000000000003253
18.000000000000000	439.987000000000023	0.000000000003016
19.000000000000000	444.990999999999985	0.000000000001615
20.000000000000000	449.990999999999985	0.000000000002882
21.000000000000000	454.987000000000023	0.000000000002079
22.000000000000000	460.014000000000010	0.000000000002109
23.000000000000000	465.000000000000000	0.000000000003315
24.000000000000000	469.982000000000027	0.000000000002305
25.000000000000000	474.995000000000004	0.000000000002903
26.000000000000000	480.002999999999985	0.000000000002800
27.000000000000000	485.005999999999971	0.000000000000863
28.000000000000000	490.004000000000019	0.000000000002388
29.000000000000000	494.997000000000014	0.000000000002181
30.000000000000000	499.985000000000013	0.000000000001708
31.000000000000000	505.004000000000019	0.000000000001718
32.000000000000000	510.017999999999972	0.000000000002975
33.000000000000000	514.990000000000009	0.000000000002357
34.000000000000000	519.993000000000051	0.000000000002563
35.000000000000000	524.990999999999985	0.000000000001677
36.000000000000000	529.982999999999947	0.000000000002954
37.000000000000000	535.004999999999995	0.000000000002521
38.000000000000000	539.985999999999989	0.000000000002243
39.000000000000000	544.996999999999957	0.000000000001790
40.000000000000000	550.001999999999952	0.000000000001121
41.000000000000000	555.000999999999976	0.000000000002944
42.000000000000000	559.995000000000004	0.000000000002223
43.000000000000000	564.981999999999970	0.000000000002068
44.000000000000000	569.999999999999999	0.000000000002048
45.000000000000000	575.009999999999990	0.000000000002707
46.000000000000000	580.014999999999986	0.000000000001831
47.000000000000000	585.014000000000009	0.000000000001842
48.000000000000000	590.005999999999971	0.000000000001533
49.000000000000000	594.991999999999961	0.000000000003366
50.000000000000000	600.005999999999971	0.000000000002460
51.000000000000000	605.014999999999986	0.000000000001079
52.000000000000000	610.015999999999962	0.000000000003273
53.000000000000000	615.010999999999967	0.000000000004077
54.000000000000000	619.999000000000023	0.000000000002243
55.000000000000000	625.015999999999962	0.000000000003716
56.000000000000000	629.990000000000008	0.000000000002532
57.000000000000000	634.993000000000051	0.000000000001399
58.000000000000000	639.989000000000032	0.000000000001543
59.000000000000000	645.011999999999943	0.000000000001821
60.000000000000000	649.993000000000051	0.000000000001306
61.000000000000000	655.001999999999952	0.000000000001687
62.000000000000000	660.004000000000018	0.000000000002017
63.000000000000000	664.998000000000047	0.000000000001780
64.000000000000000	669.984000000000037	0.000000000001460
65.000000000000000	674.998000000000047	0.000000000001605
66.000000000000000	680.004000000000018	0.000000000001512
67.000000000000000	685.001999999999952	0.000000000003057
68.000000000000000	689.993000000000051	0.000000000002068
69.000000000000000	695.009999999999990	0.000000000000476
70.000000000000000	699.984000000000037	0.000000000001378
71.000000000000000	704.985000000000013	0.000000000001285
72.000000000000000	710.011999999999943	0.000000000001285
73.000000000000000	714.996999999999957	0.000000000001162
74.000000000000000	720.006999999999947	0.000000000001584
75.000000000000000	725.009000000000014	0.000000000000754
76.000000000000000	730.001999999999952	0.000000000000039
77.000000000000000	734.986999999999966	0.000000000000121
78.000000000000000	739.996999999999956	0.000000000000266
79.000000000000000	744.998000000000047	0.000000000000425
80.000000000000000	749.990999999999985	0.000000000001290
81.000000000000000	755.008000000000037	0.000000000001692
82.000000000000000	760.015999999999962	0.000000000002547
83.000000000000000	765.014999999999986	0.000000000002073
84.000000000000000	770.004999999999995	0.000000000002330
85.000000000000000	774.985000000000013	0.000000000002083
86.000000000000000	779.990000000000008	0.000000000002495
87.000000000000000	784.985000000000013	0.000000000004216
88.000000000000000	790.004000000000018	0.000000000004041
89.000000000000000	795.011999999999943	0.000000000003124
90.000000000000000	800.011999999999943	0.000000000003423
91.000000000000000	805.000999999999976	0.000000000001702
92.000000000000000	810.013000000000033	0.000000000001877
93.000000000000000	815.014999999999986	0.000000000004154
94.000000000000000	820.006999999999947	0.000000000002124
95.000000000000000	824.989000000000032	0.000000000004690
96.000000000000000	829.993000000000051	0.000000000003495
97.000000000000000	834.985999999999989	0.000000000004999
98.000000000000000	840.001999999999952	0.000000000004535
99.000000000000000	845.005999999999971	0.000000000003083
100.000000000000000	849.999999999999999	0.000000000003093
101.000000000000000	855.014999999999986	0.000000000004154
102.000000000000000	859.986999999999966	0.000000000003752
103.000000000000000	865.011999999999943	0.000000000002990
104.000000000000000	869.994000000000027	0.000000000002784
105.000000000000000	874.995999999999980	0.000000000003958
106.000000000000000	879.986999999999966	0.000000000004051
107.000000000000000	884.998000000000046	0.000000000004545
108.000000000000000	889.996999999999956	0.000000000004545
109.000000000000000	894.984000000000036	0.000000000004226
110.000000000000000	899.990999999999985	0.000000000003999
111.000000000000000	904.985999999999989	0.000000000005668
112.000000000000000	909.999999999999999	0.000000000005071
113.000000000000000	915.001999999999952	0.000000000004030
114.000000000000000	919.990999999999985	0.000000000005988
115.000000000000000	924.999000000000023	0.000000000004721
116.000000000000000	929.994000000000027	0.000000000005565
117.000000000000000	935.006999999999947	0.000000000004824
118.000000000000000	940.006999999999947	0.000000000005071
119.000000000000000	944.995000000000004	0.000000000004463
120.000000000000000	949.999000000000023	0.000000000003453
121.000000000000000	954.990000000000008	0.000000000004669
122.000000000000000	959.998000000000046	0.000000000004669
123.000000000000000	964.991999999999961	0.000000000004288
124.000000000000000	970.003000000000042	0.000000000004556
125.000000000000000	974.999999999999999	0.000000000005328
126.000000000000000	980.013000000000033	0.000000000002969
127.000000000000000	985.011999999999943	0.000000000003999
128.000000000000000	989.995000000000004	0.000000000004164
129.000000000000000	994.995000000000004	0.000000000004721
130.000000000000000	1000.009000000000010	0.000000000003495
131.000000000000000	1005.009000000000010	0.000000000003412
132.000000000000000	1009.993000000000050	0.000000000003866
133.000000000000000	1014.991999999999960	0.000000000002681
134.000000000000000	1020.004999999999990	0.000000000002464
135.000000000000000	1025.001999999999950	0.000000000004144
136.000000000000000	1030.011999999999940	0.000000000001784
137.000000000000000	1035.007000000000060	0.000000000000837
138.000000000000000	1040.015000000000100	0.000000000002104
139.000000000000000	1045.006000000000080	0.000000000000636
