0.000000000000000	350.004000000000019	0.000000000726353
1.000000000000000	355.005999999999971	0.000000001033164
2.000000000000000	360.004999999999995	0.000000001408279
3.000000000000000	365.000999999999976	0.000000001847128
4.000000000000000	369.992999999999995	0.000000002373948
5.000000000000000	375.017999999999972	0.000000003072648
6.000000000000000	380.002999999999986	0.000000004019546
7.000000000000000	384.983999999999980	0.000000005291509
8.000000000000000	389.997999999999990	0.000000006993617
9.000000000000000	395.007999999999981	0.000000009053801
10.000000000000000	400.014000000000010	0.000000011467091
11.000000000000000	405.016000000000019	0.000000014228939
12.000000000000000	410.014000000000010	0.000000017503545
13.000000000000000	415.007999999999981	0.000000021325979
14.000000000000000	419.997000000000014	0.000000025719241
15.000000000000000	424.983000000000004	0.000000030736181
16.000000000000000	430.000999999999976	0.000000036446303
17.000000000000000	435.014000000000010	0.000000042715476
18.000000000000000	439.987000000000023	0.000000049409336
19.000000000000000	444.990999999999985	0.000000056528197
20.000000000000000	449.990999999999985	0.000000064117517
21.000000000000000	454.987000000000023	0.000000072044160
22.000000000000000	460.014000000000010	0.000000080960280
23.000000000000000	465.000000000000000	0.000000090889712
24.000000000000000	469.982000000000027	0.000000101725710
25.000000000000000	474.995000000000004	0.000000113588680
26.000000000000000	480.002999999999985	0.000000125923930
27.000000000000000	485.005999999999971	0.000000138976640
28.000000000000000	490.004000000000019	0.000000152775970
29.000000000000000	494.997000000000014	0.000000166647710
30.000000000000000	499.985000000000013	0.000000180667970
31.000000000000000	505.004000000000019	0.000000194614930
32.000000000000000	510.017999999999972	0.000000208412200
33.000000000000000	514.990000000000009	0.000000221710270
34.000000000000000	519.993000000000051	0.000000234498520
35.000000000000000	524.990999999999985	0.000000246631970
36.000000000000000	529.982999999999947	0.000000257760980
37.000000000000000	535.004999999999995	0.000000267944210
38.000000000000000	539.985999999999989	0.000000276554920
39.000000000000000	544.996999999999957	0.000000283277150
40.000000000000000	550.001999999999952	0.000000287670050
41.000000000000000	555.000999999999976	0.000000288734670
42.000000000000000	559.995000000000004	0.000000286830310
43.000000000000000	564.981999999999970	0.000000281418650
44.000000000000000	569.999999999999999	0.000000272825110
45.000000000000000	575.009999999999990	0.000000309586960
46.000000000000000	580.014999999999986	0.000000381930530
47.000000000000000	585.014000000000009	0.000000433366550
48.000000000000000	590.005999999999971	0.000000469258500
49.000000000000000	594.991999999999961	0.000000495092600
50.000000000000000	600.005999999999971	0.000000515689380
51.000000000000000	605.014999999999986	0.000000532824800
52.000000000000000	610.015999999999962	0.000000547239290
53.000000000000000	615.010999999999967	0.000000559625650
54.000000000000000	619.999000000000023	0.000000569883520
55.000000000000000	625.015999999999962	0.000000578465540
56.000000000000000	629.990000000000008	0.000000585821870
57.000000000000000	634.993000000000051	0.000000591658160
58.000000000000000	639.989000000000032	0.000000595328630
59.000000000000000	645.011999999999943	0.000000596129960
60.000000000000000	649.993000000000051	0.000000593835180
61.000000000000000	655.001999999999952	0.000000583690440
62.000000000000000	660.004000000000018	0.000000577148910
63.000000000000000	664.998000000000047	0.000000609108230
64.000000000000000	669.984000000000037	0.000000655958150
65.000000000000000	674.998000000000047	0.000000699952990
66.000000000000000	680.004000000000018	0.000000734396960
67.000000000000000	685.001999999999952	0.000000756888700
68.000000000000000	689.993000000000051	0.000000766345370
69.000000000000000	695.009999999999990	0.000000765507160
70.000000000000000	699.984000000000037	0.000000758050450
71.000000000000000	704.985000000000013	0.000000746245990
72.000000000000000	710.011999999999943	0.000000731377540
73.000000000000000	714.996999999999957	0.000000714441950
74.000000000000000	720.006999999999947	0.000000695958570
75.000000000000000	725.009000000000014	0.000000676705330
76.000000000000000	730.001999999999952	0.000000656624700
77.000000000000000	734.986999999999966	0.000000636175560
78.000000000000000	739.996999999999956	0.000000614890860
79.000000000000000	744.998000000000047	0.000000592331550
80.000000000000000	749.990999999999985	0.000000569502150
81.000000000000000	755.008000000000037	0.000000546017500
82.000000000000000	760.015999999999962	0.000000522042900
83.000000000000000	765.014999999999986	0.000000498901820
84.000000000000000	770.004999999999995	0.000000476424270
85.000000000000000	774.985000000000013	0.000000454211490
86.000000000000000	779.990000000000008	0.000000432365660
87.000000000000000	784.985000000000013	0.000000410782510
88.000000000000000	790.004000000000018	0.000000390017930
89.000000000000000	795.011999999999943	0.000000370104240
90.000000000000000	800.011999999999943	0.000000351167750
91.000000000000000	805.000999999999976	0.000000333431740
92.000000000000000	810.013000000000033	0.000000316744320
93.000000000000000	815.014999999999986	0.000000301089930
94.000000000000000	820.006999999999947	0.000000286385590
95.000000000000000	824.989000000000032	0.000000272623890
96.000000000000000	829.993000000000051	0.000000259578300
97.000000000000000	834.985999999999989	0.000000247367650
98.000000000000000	840.001999999999952	0.000000236185070
99.000000000000000	845.005999999999971	0.000000225764890
100.000000000000000	849.999999999999999	0.000000216177920
101.000000000000000	855.014999999999986	0.000000207605050
102.000000000000000	859.986999999999966	0.000000199688740
103.000000000000000	865.011999999999943	0.000000181383900
104.000000000000000	869.994000000000027	0.000000178701790
105.000000000000000	874.995999999999980	0.000000174928900
106.000000000000000	879.986999999999966	0.000000170538960
107.000000000000000	884.998000000000046	0.000000165653550
108.000000000000000	889.996999999999956	0.000000160488170
109.000000000000000	894.984000000000036	0.000000155153670
110.000000000000000	899.990999999999985	0.000000149646780
111.000000000000000	904.985999999999989	0.000000144193080
112.000000000000000	909.999999999999999	0.000000138602320
113.000000000000000	915.001999999999952	0.000000133044420
114.000000000000000	919.990999999999985	0.000000127624990
115.000000000000000	924.999000000000023	0.000000122106540
116.000000000000000	929.994000000000027	0.000000116452330
117.000000000000000	935.006999999999947	0.000000110877800
118.000000000000000	940.006999999999947	0.000000105645610
119.000000000000000	944.995000000000004	0.000000100685590
120.000000000000000	949.999000000000023	0.000000095934889
121.000000000000000	954.990000000000008	0.000000091376855
122.000000000000000	959.998000000000046	0.000000086903025
123.000000000000000	964.991999999999961	0.000000082655570
124.000000000000000	970.003000000000042	0.000000078638664
125.000000000000000	974.999999999999999	0.000000074691646
126.000000000000000	980.013000000000033	0.000000070734571
127.000000000000000	985.011999999999943	0.000000066788540
128.000000000000000	989.995000000000004	0.000000062897867
129.000000000000000	994.995000000000004	0.000000059037110
130.000000000000000	1000.009000000000010	0.000000055337286
131.000000000000000	1005.009000000000010	0.000000051637684
132.000000000000000	1009.993000000000050	0.000000047841645
133.000000000000000	1014.991999999999960	0.000000044036879
134.000000000000000	1020.004999999999990	0.000000040247538
135.000000000000000	1025.001999999999950	0.000000036543007
136.000000000000000	1030.011999999999940	0.000000032814051
137.000000000000000	1035.007000000000060	0.000000029210543
138.000000000000000	1040.015000000000100	0.000000025679232
139.000000000000000	1045.006000000000080	0.000000022310855
