0.000000000000000	350.004000000000019	0.000000000001666
1.000000000000000	355.005999999999971	0.000000000001986
2.000000000000000	360.004999999999995	0.000000000002099
3.000000000000000	365.000999999999976	0.000000000002017
4.000000000000000	369.992999999999995	0.000000000002254
5.000000000000000	375.017999999999972	0.000000000002964
6.000000000000000	380.002999999999986	0.000000000001265
7.000000000000000	384.983999999999980	0.000000000002305
8.000000000000000	389.997999999999990	0.000000000001903
9.000000000000000	395.007999999999981	0.000000000002130
10.000000000000000	400.014000000000010	0.000000000003109
11.000000000000000	405.016000000000019	0.000000000003747
12.000000000000000	410.014000000000010	0.000000000001945
13.000000000000000	415.007999999999981	0.000000000002388
14.000000000000000	419.997000000000014	0.000000000002449
15.000000000000000	424.983000000000004	0.000000000001007
16.000000000000000	430.000999999999976	0.000000000000894
17.000000000000000	435.014000000000010	0.000000000001903
18.000000000000000	439.987000000000023	0.000000000002439
19.000000000000000	444.990999999999985	0.000000000002223
20.000000000000000	449.990999999999985	0.000000000000832
21.000000000000000	454.987000000000023	0.000000000001203
22.000000000000000	460.014000000000010	0.000000000002377
23.000000000000000	465.000000000000000	0.000000000001800
24.000000000000000	469.982000000000027	0.000000000002027
25.000000000000000	474.995000000000004	0.000000000000208
26.000000000000000	480.002999999999985	0.000000000001224
27.000000000000000	485.005999999999971	0.000000000001800
28.000000000000000	490.004000000000019	0.000000000001234
29.000000000000000	494.997000000000014	0.000000000001945
30.000000000000000	499.985000000000013	0.000000000000760
31.000000000000000	505.004000000000019	0.000000000000806
32.000000000000000	510.017999999999972	0.000000000000795
33.000000000000000	514.990000000000009	0.000000000000837
34.000000000000000	519.993000000000051	0.000000000002763
35.000000000000000	524.990999999999985	0.000000000002526
36.000000000000000	529.982999999999947	0.000000000003824
37.000000000000000	535.004999999999995	0.000000000003114
38.000000000000000	539.985999999999989	0.000000000004442
39.000000000000000	544.996999999999957	0.000000000004824
40.000000000000000	550.001999999999952	0.000000000005782
41.000000000000000	555.000999999999976	0.000000000004679
42.000000000000000	559.995000000000004	0.000000000006359
43.000000000000000	564.981999999999970	0.000000000006905
44.000000000000000	569.999999999999999	0.000000000006668
45.000000000000000	575.009999999999990	0.000000000008718
46.000000000000000	580.014999999999986	0.000000000012221
47.000000000000000	585.014000000000009	0.000000000016290
48.000000000000000	590.005999999999971	0.000000000016816
49.000000000000000	594.991999999999961	0.000000000022029
50.000000000000000	600.005999999999971	0.000000000023966
51.000000000000000	605.014999999999986	0.000000000026480
52.000000000000000	610.015999999999962	0.000000000028695
53.000000000000000	615.010999999999967	0.000000000033145
54.000000000000000	619.999000000000023	0.000000000033949
55.000000000000000	625.015999999999962	0.000000000036648
56.000000000000000	629.990000000000008	0.000000000039997
57.000000000000000	634.993000000000051	0.000000000043293
58.000000000000000	639.989000000000032	0.000000000045447
59.000000000000000	645.011999999999943	0.000000000048311
60.000000000000000	649.993000000000051	0.000000000051927
61.000000000000000	655.001999999999952	0.000000000052514
62.000000000000000	660.004000000000018	0.000000000055080
63.000000000000000	664.998000000000047	0.000000000061673
64.000000000000000	669.984000000000037	0.000000000072120
65.000000000000000	674.998000000000047	0.000000000079280
66.000000000000000	680.004000000000018	0.000000000089418
67.000000000000000	685.001999999999952	0.000000000095414
68.000000000000000	689.993000000000051	0.000000000102698
69.000000000000000	695.009999999999990	0.000000000108035
70.000000000000000	699.984000000000037	0.000000000109714
71.000000000000000	704.985000000000013	0.000000000112846
72.000000000000000	710.011999999999943	0.000000000117328
73.000000000000000	714.996999999999957	0.000000000118966
74.000000000000000	720.006999999999947	0.000000000121645
75.000000000000000	725.009000000000014	0.000000000123561
76.000000000000000	730.001999999999952	0.000000000125075
77.000000000000000	734.986999999999966	0.000000000126827
78.000000000000000	739.996999999999956	0.000000000127682
79.000000000000000	744.998000000000047	0.000000000127641
80.000000000000000	749.990999999999985	0.000000000129052
81.000000000000000	755.008000000000037	0.000000000128599
82.000000000000000	760.015999999999962	0.000000000126755
83.000000000000000	765.014999999999986	0.000000000127115
84.000000000000000	770.004999999999995	0.000000000126466
85.000000000000000	774.985000000000013	0.000000000125364
86.000000000000000	779.990000000000008	0.000000000123344
87.000000000000000	784.985000000000013	0.000000000121109
88.000000000000000	790.004000000000018	0.000000000121438
89.000000000000000	795.011999999999943	0.000000000119120
90.000000000000000	800.011999999999943	0.000000000117019
91.000000000000000	805.000999999999976	0.000000000114773
92.000000000000000	810.013000000000033	0.000000000114216
93.000000000000000	815.014999999999986	0.000000000110435
94.000000000000000	820.006999999999947	0.000000000109457
95.000000000000000	824.989000000000032	0.000000000107375
96.000000000000000	829.993000000000051	0.000000000105892
97.000000000000000	834.985999999999989	0.000000000105294
98.000000000000000	840.001999999999952	0.000000000102616
99.000000000000000	845.005999999999971	0.000000000103708
100.000000000000000	849.999999999999999	0.000000000101297
101.000000000000000	855.014999999999986	0.000000000101431
102.000000000000000	859.986999999999966	0.000000000101565
103.000000000000000	865.011999999999943	0.000000000093045
104.000000000000000	869.994000000000027	0.000000000096414
105.000000000000000	874.995999999999980	0.000000000096898
106.000000000000000	879.986999999999966	0.000000000096043
107.000000000000000	884.998000000000046	0.000000000097310
108.000000000000000	889.996999999999956	0.000000000097918
109.000000000000000	894.984000000000036	0.000000000095435
110.000000000000000	899.990999999999985	0.000000000095816
111.000000000000000	904.985999999999989	0.000000000095527
112.000000000000000	909.999999999999999	0.000000000094714
113.000000000000000	915.001999999999952	0.000000000093683
114.000000000000000	919.990999999999985	0.000000000090819
115.000000000000000	924.999000000000023	0.000000000091159
116.000000000000000	929.994000000000027	0.000000000089397
117.000000000000000	935.006999999999947	0.000000000087100
118.000000000000000	940.006999999999947	0.000000000086142
119.000000000000000	944.995000000000004	0.000000000083175
120.000000000000000	949.999000000000023	0.000000000082072
121.000000000000000	954.990000000000008	0.000000000080671
122.000000000000000	959.998000000000046	0.000000000078497
123.000000000000000	964.991999999999961	0.000000000076828
124.000000000000000	970.003000000000042	0.000000000074005
125.000000000000000	974.999999999999999	0.000000000072913
126.000000000000000	980.013000000000033	0.000000000072594
127.000000000000000	985.011999999999943	0.000000000069709
128.000000000000000	989.995000000000004	0.000000000066639
129.000000000000000	994.995000000000004	0.000000000064764
130.000000000000000	1000.009000000000010	0.000000000062477
131.000000000000000	1005.009000000000010	0.000000000058850
132.000000000000000	1009.993000000000050	0.000000000056079
133.000000000000000	1014.991999999999960	0.000000000052051
134.000000000000000	1020.004999999999990	0.000000000048197
135.000000000000000	1025.001999999999950	0.000000000045859
136.000000000000000	1030.011999999999940	0.000000000042325
137.000000000000000	1035.007000000000060	0.000000000038111
138.000000000000000	1040.015000000000100	0.000000000033599
139.000000000000000	1045.006000000000080	0.000000000029261
