0.000000000000000	350.004000000000019	0.000000000732875
1.000000000000000	355.005999999999971	0.000000001038305
2.000000000000000	360.004999999999995	0.000000001411599
3.000000000000000	365.000999999999976	0.000000001851457
4.000000000000000	369.992999999999995	0.000000002378711
5.000000000000000	375.017999999999972	0.000000003078184
6.000000000000000	380.002999999999986	0.000000004024784
7.000000000000000	384.983999999999980	0.000000005298098
8.000000000000000	389.997999999999990	0.000000007008912
9.000000000000000	395.007999999999981	0.000000009065203
10.000000000000000	400.014000000000010	0.000000011474756
11.000000000000000	405.016000000000019	0.000000014241184
12.000000000000000	410.014000000000010	0.000000017516061
13.000000000000000	415.007999999999981	0.000000021347271
14.000000000000000	419.997000000000014	0.000000025737976
15.000000000000000	424.983000000000004	0.000000030749211
16.000000000000000	430.000999999999976	0.000000036458440
17.000000000000000	435.014000000000010	0.000000042726652
18.000000000000000	439.987000000000023	0.000000049429044
19.000000000000000	444.990999999999985	0.000000056558201
20.000000000000000	449.990999999999985	0.000000064148229
21.000000000000000	454.987000000000023	0.000000072039674
22.000000000000000	460.014000000000010	0.000000080988818
23.000000000000000	465.000000000000000	0.000000090899009
24.000000000000000	469.982000000000027	0.000000101763770
25.000000000000000	474.995000000000004	0.000000113563840
26.000000000000000	480.002999999999985	0.000000125889860
27.000000000000000	485.005999999999971	0.000000138977150
28.000000000000000	490.004000000000019	0.000000152803650
29.000000000000000	494.997000000000014	0.000000166581090
30.000000000000000	499.985000000000013	0.000000180659080
31.000000000000000	505.004000000000019	0.000000194652380
32.000000000000000	510.017999999999972	0.000000208427230
33.000000000000000	514.990000000000009	0.000000221743150
34.000000000000000	519.993000000000051	0.000000234501320
35.000000000000000	524.990999999999985	0.000000246627340
36.000000000000000	529.982999999999947	0.000000257710840
37.000000000000000	535.004999999999995	0.000000268060860
38.000000000000000	539.985999999999989	0.000000276751280
39.000000000000000	544.996999999999957	0.000000283507050
40.000000000000000	550.001999999999952	0.000000287759060
41.000000000000000	555.000999999999976	0.000000288904560
42.000000000000000	559.995000000000004	0.000000287072930
43.000000000000000	564.981999999999970	0.000000281596790
44.000000000000000	569.999999999999999	0.000000272968690
45.000000000000000	575.009999999999990	0.000000309215410
46.000000000000000	580.014999999999986	0.000000381901050
47.000000000000000	585.014000000000009	0.000000433180540
48.000000000000000	590.005999999999971	0.000000469321660
49.000000000000000	594.991999999999961	0.000000495141950
50.000000000000000	600.005999999999971	0.000000515838180
51.000000000000000	605.014999999999986	0.000000532935000
52.000000000000000	610.015999999999962	0.000000547428100
53.000000000000000	615.010999999999967	0.000000559827950
54.000000000000000	619.999000000000023	0.000000569996180
55.000000000000000	625.015999999999962	0.000000578538370
56.000000000000000	629.990000000000008	0.000000585862250
57.000000000000000	634.993000000000051	0.000000591676190
58.000000000000000	639.989000000000032	0.000000595199370
59.000000000000000	645.011999999999943	0.000000596095850
60.000000000000000	649.993000000000051	0.000000593885430
61.000000000000000	655.001999999999952	0.000000583749290
62.000000000000000	660.004000000000018	0.000000577237410
63.000000000000000	664.998000000000047	0.000000609416340
64.000000000000000	669.984000000000037	0.000000656076300
65.000000000000000	674.998000000000047	0.000000700105380
66.000000000000000	680.004000000000018	0.000000734511840
67.000000000000000	685.001999999999952	0.000000756715210
68.000000000000000	689.993000000000051	0.000000766155420
69.000000000000000	695.009999999999990	0.000000765731450
70.000000000000000	699.984000000000037	0.000000758026890
71.000000000000000	704.985000000000013	0.000000746286140
72.000000000000000	710.011999999999943	0.000000731342810
73.000000000000000	714.996999999999957	0.000000714354120
74.000000000000000	720.006999999999947	0.000000695957800
75.000000000000000	725.009000000000014	0.000000676607810
76.000000000000000	730.001999999999952	0.000000656891980
77.000000000000000	734.986999999999966	0.000000636067570
78.000000000000000	739.996999999999956	0.000000614654990
79.000000000000000	744.998000000000047	0.000000592418820
80.000000000000000	749.990999999999985	0.000000569521300
81.000000000000000	755.008000000000037	0.000000546168600
82.000000000000000	760.015999999999962	0.000000522259810
83.000000000000000	765.014999999999986	0.000000499183450
84.000000000000000	770.004999999999995	0.000000476467790
85.000000000000000	774.985000000000013	0.000000454338140
86.000000000000000	779.990000000000008	0.000000432357190
87.000000000000000	784.985000000000013	0.000000410838910
88.000000000000000	790.004000000000018	0.000000389953490
89.000000000000000	795.011999999999943	0.000000370049680
90.000000000000000	800.011999999999943	0.000000351160590
91.000000000000000	805.000999999999976	0.000000333462990
92.000000000000000	810.013000000000033	0.000000316843260
93.000000000000000	815.014999999999986	0.000000301047390
94.000000000000000	820.006999999999947	0.000000286348350
95.000000000000000	824.989000000000032	0.000000272586750
96.000000000000000	829.993000000000051	0.000000259585220
97.000000000000000	834.985999999999989	0.000000247384630
98.000000000000000	840.001999999999952	0.000000236193560
99.000000000000000	845.005999999999971	0.000000225861750
100.000000000000000	849.999999999999999	0.000000216353000
101.000000000000000	855.014999999999986	0.000000207676660
102.000000000000000	859.986999999999966	0.000000199750120
103.000000000000000	865.011999999999943	0.000000181375960
104.000000000000000	869.994000000000027	0.000000178704380
105.000000000000000	874.995999999999980	0.000000174867470
106.000000000000000	879.986999999999966	0.000000170469380
107.000000000000000	884.998000000000046	0.000000165639540
108.000000000000000	889.996999999999956	0.000000160396920
109.000000000000000	894.984000000000036	0.000000155106560
110.000000000000000	899.990999999999985	0.000000149624940
111.000000000000000	904.985999999999989	0.000000144165630
112.000000000000000	909.999999999999999	0.000000138542930
113.000000000000000	915.001999999999952	0.000000132995640
114.000000000000000	919.990999999999985	0.000000127542890
115.000000000000000	924.999000000000023	0.000000122103550
116.000000000000000	929.994000000000027	0.000000116483200
117.000000000000000	935.006999999999947	0.000000110903100
118.000000000000000	940.006999999999947	0.000000105645340
119.000000000000000	944.995000000000004	0.000000100663050
120.000000000000000	949.999000000000023	0.000000095960371
121.000000000000000	954.990000000000008	0.000000091376845
122.000000000000000	959.998000000000046	0.000000086903690
123.000000000000000	964.991999999999961	0.000000082663544
124.000000000000000	970.003000000000042	0.000000078638283
125.000000000000000	974.999999999999999	0.000000074703103
126.000000000000000	980.013000000000033	0.000000070764230
127.000000000000000	985.011999999999943	0.000000066844893
128.000000000000000	989.995000000000004	0.000000062940069
129.000000000000000	994.995000000000004	0.000000059073228
130.000000000000000	1000.009000000000010	0.000000055344805
131.000000000000000	1005.009000000000010	0.000000051649202
132.000000000000000	1009.993000000000050	0.000000047873340
133.000000000000000	1014.991999999999960	0.000000044072068
134.000000000000000	1020.004999999999990	0.000000040284585
135.000000000000000	1025.001999999999950	0.000000036569237
136.000000000000000	1030.011999999999940	0.000000032845670
137.000000000000000	1035.007000000000060	0.000000029226041
138.000000000000000	1040.015000000000100	0.000000025706411
139.000000000000000	1045.006000000000080	0.000000022339817
