# Coherent scattering form factor
# (Excerpt from EPICS2017 / EPDL)
#
# Momentum  Form-factor
#  (MeV)
#
0.00000E+00 3.60000E+01
2.47969E-05 3.60000E+01
4.95937E-05 3.59957E+01
9.91875E-05 3.59914E+01
1.23984E-04 3.59900E+01
2.16973E-04 3.59730E+01
2.47969E-04 3.59690E+01
3.71953E-04 3.59350E+01
4.95937E-04 3.58840E+01
6.19922E-04 3.58200E+01
6.27361E-04 3.58148E+01
7.43906E-04 3.57410E+01
9.29882E-04 3.55948E+01
9.91875E-04 3.55440E+01
1.17785E-03 3.53593E+01
1.23984E-03 3.52960E+01
1.45682E-03 3.50383E+01
1.61180E-03 3.48356E+01
1.64279E-03 3.47928E+01
1.73578E-03 3.46630E+01
1.95275E-03 3.43353E+01
2.10773E-03 3.40845E+01
2.13873E-03 3.40316E+01
2.23172E-03 3.38780E+01
2.47969E-03 3.34430E+01
2.75096E-03 3.29385E+01
2.94463E-03 3.25623E+01
2.98331E-03 3.24873E+01
3.09961E-03 3.22600E+01
3.40957E-03 3.16363E+01
3.56455E-03 3.13231E+01
3.71953E-03 3.10090E+01
4.02949E-03 3.03769E+01
4.33945E-03 2.97520E+01
4.80439E-03 2.88279E+01
4.95937E-03 2.85300E+01
5.57929E-03 2.73751E+01
5.88926E-03 2.68278E+01
6.19922E-03 2.63010E+01
6.81914E-03 2.53066E+01
7.43906E-03 2.43940E+01
8.05898E-03 2.35494E+01
8.67890E-03 2.27661E+01
8.98886E-03 2.23924E+01
9.91875E-03 2.13340E+01
1.05204E-02 2.06751E+01
1.11586E-02 2.00366E+01
1.17622E-02 1.94188E+01
1.23984E-02 1.88200E+01
1.30036E-02 1.82280E+01
1.36383E-02 1.76546E+01
1.42447E-02 1.70856E+01
1.48781E-02 1.65350E+01
1.54856E-02 1.59863E+01
1.61180E-02 1.54559E+01
1.67264E-02 1.49341E+01
1.73578E-02 1.44300E+01
1.79670E-02 1.39372E+01
1.85976E-02 1.34612E+01
1.92076E-02 1.30018E+01
1.98375E-02 1.25580E+01
2.07465E-02 1.19305E+01
2.16973E-02 1.13344E+01
2.23172E-02 1.09630E+01
2.35244E-02 1.02895E+01
2.47969E-02 9.65730E+00
2.55379E-02 9.32620E+00
2.66911E-02 8.85072E+00
2.78965E-02 8.39948E+00
2.90362E-02 8.03109E+00
3.02224E-02 7.67885E+00
3.09961E-02 7.47500E+00
3.25459E-02 7.11289E+00
3.36888E-02 6.88445E+00
3.48718E-02 6.66335E+00
3.56455E-02 6.53499E+00
3.71953E-02 6.30250E+00
3.98158E-02 5.97751E+00
4.26209E-02 5.66928E+00
4.49443E-02 5.43752E+00
4.80439E-02 5.13616E+00
4.95937E-02 4.98530E+00
5.26933E-02 4.68211E+00
5.57068E-02 4.39991E+00
5.88926E-02 4.13472E+00
6.19922E-02 3.90820E+00
6.40880E-02 3.77225E+00
6.62547E-02 3.64102E+00
6.91609E-02 3.46040E+00
7.12910E-02 3.31958E+00
7.14472E-02 3.30893E+00
7.34086E-02 3.16938E+00
7.43906E-02 3.09590E+00
7.59404E-02 2.97542E+00
7.75813E-02 2.84516E+00
8.01094E-02 2.66039E+00
8.27199E-02 2.48762E+00
8.47557E-02 2.37511E+00
8.67890E-02 2.28360E+00
8.83388E-02 2.22840E+00
9.36061E-02 2.09458E+00
9.91875E-02 1.96880E+00
1.00737E-01 1.92807E+00
1.03386E-01 1.84219E+00
1.05761E-01 1.77019E+00
1.10049E-01 1.65089E+00
1.13379E-01 1.56672E+00
1.15942E-01 1.50642E+00
1.19896E-01 1.42030E+00
1.23984E-01 1.33910E+00
1.27084E-01 1.29504E+00
1.29797E-01 1.26301E+00
1.34543E-01 1.21756E+00
1.41483E-01 1.16682E+00
1.48781E-01 1.11820E+00
1.54980E-01 1.07792E+00
1.64016E-01 1.02053E+00
1.73578E-01 9.66200E-01
1.81161E-01 9.27513E-01
1.89076E-01 8.90375E-01
1.98375E-01 8.46000E-01
2.07287E-01 8.01449E-01
2.14746E-01 7.63632E-01
2.20599E-01 7.33399E-01
2.26611E-01 7.04362E-01
2.31888E-01 6.78417E-01
2.37289E-01 6.53427E-01
2.42570E-01 6.29111E-01
2.47969E-01 6.05700E-01
2.55600E-01 5.73356E-01
2.63467E-01 5.42740E-01
2.73038E-01 5.06827E-01
2.82957E-01 4.73291E-01
2.91001E-01 4.47159E-01
2.99273E-01 4.22469E-01
3.08227E-01 3.96770E-01
3.17449E-01 3.72635E-01
3.24185E-01 3.55662E-01
3.31063E-01 3.39463E-01
3.41138E-01 3.16684E-01
3.51520E-01 2.95433E-01
3.61592E-01 2.75853E-01
3.71953E-01 2.57570E-01
3.82925E-01 2.39227E-01
3.94221E-01 2.22191E-01
4.03436E-01 2.09063E-01
4.12868E-01 1.96711E-01
4.20096E-01 1.87598E-01
4.31177E-01 1.74715E-01
4.42550E-01 1.62716E-01
4.49074E-01 1.56115E-01
4.59042E-01 1.46711E-01
4.69231E-01 1.37874E-01
4.75770E-01 1.32440E-01
4.85749E-01 1.24688E-01
4.95937E-01 1.17390E-01
5.07434E-01 1.09671E-01
5.19197E-01 1.02460E-01
5.30106E-01 9.61816E-02
5.38438E-01 9.17266E-02
5.51182E-01 8.54280E-02
5.64228E-01 7.95619E-02
5.74501E-01 7.52050E-02
5.82329E-01 7.20946E-02
5.94270E-01 6.76685E-02
6.06457E-01 6.35142E-02
6.20499E-01 5.90302E-02
6.31243E-01 5.58762E-02
6.39423E-01 5.36217E-02
6.51893E-01 5.04095E-02
6.64606E-01 4.73897E-02
6.77557E-01 4.44904E-02
6.87435E-01 4.24330E-02
7.02524E-01 3.95238E-02
7.17944E-01 3.68141E-02
7.33726E-01 3.42409E-02
7.45790E-01 3.24297E-02
7.54967E-01 3.11344E-02
7.68946E-01 2.92879E-02
7.83184E-01 2.75509E-02
7.93190E-01 2.63890E-02
8.11007E-01 2.44722E-02
8.24633E-01 2.31266E-02
8.35002E-01 2.21661E-02
8.50801E-01 2.07998E-02
8.66898E-01 1.95176E-02
8.78039E-01 1.86768E-02
8.97880E-01 1.72915E-02
9.13055E-01 1.63204E-02
9.24604E-01 1.56281E-02
9.42202E-01 1.46442E-02
9.60135E-01 1.37223E-02
9.76594E-01 1.29302E-02
9.91228E-01 1.22747E-02
1.00421E+00 1.17285E-02
1.01571E+00 1.12705E-02
1.03616E+00 1.05117E-02
1.05176E+00 9.97628E-03
1.07560E+00 9.22386E-03
1.09999E+00 8.52819E-03
1.11657E+00 8.08944E-03
1.13128E+00 7.72409E-03
1.14431E+00 7.41797E-03
1.16748E+00 6.91117E-03
1.18517E+00 6.55392E-03
1.19861E+00 6.29815E-03
1.21905E+00 5.93310E-03
1.23984E+00 5.58920E-03
1.25819E+00 5.30475E-03
1.27622E+00 5.04300E-03
1.29393E+00 4.80175E-03
1.31133E+00 4.57906E-03
1.32840E+00 4.37317E-03
1.34515E+00 4.18256E-03
1.36158E+00 4.00582E-03
1.37769E+00 3.84174E-03
1.39347E+00 3.68919E-03
1.42458E+00 3.41065E-03
1.45436E+00 3.16865E-03
1.48286E+00 2.95740E-03
1.51007E+00 2.77216E-03
1.53604E+00 2.60905E-03
1.56080E+00 2.46486E-03
1.58437E+00 2.33692E-03
1.60678E+00 2.22302E-03
1.62809E+00 2.12129E-03
1.64832E+00 2.03015E-03
1.66751E+00 1.94826E-03
1.70410E+00 1.80352E-03
1.73678E+00 1.68572E-03
1.76589E+00 1.58897E-03
1.79175E+00 1.50889E-03
1.81470E+00 1.44213E-03
1.83501E+00 1.38614E-03
1.87112E+00 1.29335E-03
1.89866E+00 1.22785E-03
1.94074E+00 1.13577E-03
1.98375E+00 1.05060E-03
2.01161E+00 9.99903E-04
2.03808E+00 9.54598E-04
2.06322E+00 9.13991E-04
2.08707E+00 8.77492E-04
2.13252E+00 8.12939E-04
2.17311E+00 7.60363E-04
2.20926E+00 7.17156E-04
2.24138E+00 6.81369E-04
2.26987E+00 6.51523E-04
2.32059E+00 6.02404E-04
2.35938E+00 5.68010E-04
2.38890E+00 5.43510E-04
2.43387E+00 5.08727E-04
2.47969E+00 4.76170E-04
2.50876E+00 4.57116E-04
2.56418E+00 4.23420E-04
2.61369E+00 3.95980E-04
2.65778E+00 3.73433E-04
2.69698E+00 3.54760E-04
2.73175E+00 3.39189E-04
2.79368E+00 3.13566E-04
2.84105E+00 2.95627E-04
2.87710E+00 2.82849E-04
2.93204E+00 2.64711E-04
2.98802E+00 2.47736E-04
3.04949E+00 2.30867E-04
3.10432E+00 2.17051E-04
3.15309E+00 2.05643E-04
3.19640E+00 1.96153E-04
3.23479E+00 1.88210E-04
3.30307E+00 1.75075E-04
3.35523E+00 1.65829E-04
3.39489E+00 1.59216E-04
3.45525E+00 1.49789E-04
3.51669E+00 1.40919E-04
3.55828E+00 1.35359E-04
3.63758E+00 1.25517E-04
3.70842E+00 1.17495E-04
3.77154E+00 1.10897E-04
3.82765E+00 1.05429E-04
3.87743E+00 1.00866E-04
3.96610E+00 9.33500E-05
4.03394E+00 8.80832E-05
4.08557E+00 8.43290E-05
4.16427E+00 7.89956E-05
4.24448E+00 7.39995E-05
4.33189E+00 6.90622E-05
4.40985E+00 6.50131E-05
4.47922E+00 6.16653E-05
4.54081E+00 5.88778E-05
4.59540E+00 5.65422E-05
4.69251E+00 5.26757E-05
4.76668E+00 4.99503E-05
4.82308E+00 4.79993E-05
4.90894E+00 4.52146E-05
4.99632E+00 4.25915E-05
5.06976E+00 4.05536E-05
5.13491E+00 3.88506E-05
5.25094E+00 3.60406E-05
5.33968E+00 3.40673E-05
5.40722E+00 3.26586E-05
5.51013E+00 3.06540E-05
5.61500E+00 2.87724E-05
5.68333E+00 2.76363E-05
5.81370E+00 2.56256E-05
5.93022E+00 2.39867E-05
6.03408E+00 2.26388E-05
6.12646E+00 2.15217E-05
6.20845E+00 2.05895E-05
6.35458E+00 1.90544E-05
6.46643E+00 1.79786E-05
6.55161E+00 1.72118E-05
6.68148E+00 1.61225E-05
6.81393E+00 1.51021E-05
6.90694E+00 1.44424E-05
6.99530E+00 1.38501E-05
7.07915E+00 1.33169E-05
7.23911E+00 1.23719E-05
7.38202E+00 1.16001E-05
7.50939E+00 1.09645E-05
7.62264E+00 1.04369E-05
7.72313E+00 9.99613E-06
7.90219E+00 9.26912E-06
8.03920E+00 8.75878E-06
8.14352E+00 8.39455E-06
8.30254E+00 7.87640E-06
8.46466E+00 7.39024E-06
8.64066E+00 6.91030E-06
8.79766E+00 6.51600E-06
8.93737E+00 6.18948E-06
9.06144E+00 5.91723E-06
9.17141E+00 5.68885E-06
9.36708E+00 5.31019E-06
9.51657E+00 5.04283E-06
9.74529E+00 4.66682E-06
9.97950E+00 4.31884E-06
1.01308E+01 4.11376E-06
1.02747E+01 3.93036E-06
1.04115E+01 3.76585E-06
1.05414E+01 3.61788E-06
1.07893E+01 3.35593E-06
1.10110E+01 3.14233E-06
1.12088E+01 2.96661E-06
1.13847E+01 2.82093E-06
1.15409E+01 2.69935E-06
1.18194E+01 2.49905E-06
1.20327E+01 2.35864E-06
1.21952E+01 2.25854E-06
1.24431E+01 2.11629E-06
1.26960E+01 1.98300E-06
1.28667E+01 1.89997E-06
1.30289E+01 1.82529E-06
1.33384E+01 1.69308E-06
1.36153E+01 1.58528E-06
1.38623E+01 1.49660E-06
1.40820E+01 1.42308E-06
1.42772E+01 1.36173E-06
1.46253E+01 1.26065E-06
1.48919E+01 1.18979E-06
1.50950E+01 1.13928E-06
1.54049E+01 1.06750E-06
1.57212E+01 1.00024E-06
1.59724E+01 9.51162E-07
1.62115E+01 9.07341E-07
1.64389E+01 8.68094E-07
1.66550E+01 8.32843E-07
1.70678E+01 7.70560E-07
1.74375E+01 7.19895E-07
1.77675E+01 6.78304E-07
1.80613E+01 6.43887E-07
1.83224E+01 6.15209E-07
1.85540E+01 5.91164E-07
1.89663E+01 5.51326E-07
1.92815E+01 5.23219E-07
1.95214E+01 5.03084E-07
1.98868E+01 4.74324E-07
2.02590E+01 4.47208E-07
2.05166E+01 4.29757E-07
2.10083E+01 3.98851E-07
2.14483E+01 3.73637E-07
2.18408E+01 3.52885E-07
2.21901E+01 3.35676E-07
2.25003E+01 3.21307E-07
2.30537E+01 2.97626E-07
2.34777E+01 2.81018E-07
2.38007E+01 2.69173E-07
2.42937E+01 2.52335E-07
2.47969E+01 2.36550E-07
2.52579E+01 2.23304E-07
2.56979E+01 2.11561E-07
2.61174E+01 2.01113E-07
2.65169E+01 1.91788E-07
2.68969E+01 1.83438E-07
2.72582E+01 1.75940E-07
2.76013E+01 1.69190E-07
2.82562E+01 1.57223E-07
2.88420E+01 1.47449E-07
2.93646E+01 1.39396E-07
2.98295E+01 1.32712E-07
3.02424E+01 1.27126E-07
3.09788E+01 1.17911E-07
3.15428E+01 1.11441E-07
3.19726E+01 1.06822E-07
3.26282E+01 1.00251E-07
3.32972E+01 9.40837E-08
3.38823E+01 8.91320E-08
3.44402E+01 8.47268E-08
3.49715E+01 8.07948E-08
3.54771E+01 7.72745E-08
3.59577E+01 7.41136E-08
3.64141E+01 7.12678E-08
3.72857E+01 6.62231E-08
3.80654E+01 6.21028E-08
3.87610E+01 5.87084E-08
3.93801E+01 5.58909E-08
3.99299E+01 5.35367E-08
4.09106E+01 4.96529E-08
4.16619E+01 4.69261E-08
4.22344E+01 4.49798E-08
4.31079E+01 4.22105E-08
4.39996E+01 3.96118E-08
4.50987E+01 3.67159E-08
4.61540E+01 3.41937E-08
4.71659E+01 3.19866E-08
4.81346E+01 3.00471E-08
4.90608E+01 2.83357E-08
4.99453E+01 2.68199E-08
5.07890E+01 2.54726E-08
5.15929E+01 2.42710E-08
5.23582E+01 2.31960E-08
5.30859E+01 2.22315E-08
5.37773E+01 2.13638E-08
5.50980E+01 1.98270E-08
5.62803E+01 1.85733E-08
5.73355E+01 1.75414E-08
5.82751E+01 1.66858E-08
5.91098E+01 1.59713E-08
6.05995E+01 1.47939E-08
6.17414E+01 1.39681E-08
6.26118E+01 1.33792E-08
6.39406E+01 1.25421E-08
6.52976E+01 1.17573E-08
6.67644E+01 1.09874E-08
6.81694E+01 1.03115E-08
6.95135E+01 9.71559E-09
7.07976E+01 9.18827E-09
7.20230E+01 8.71993E-09
7.31911E+01 8.30257E-09
7.43033E+01 7.92945E-09
7.53614E+01 7.59490E-09
7.63671E+01 7.29408E-09
7.82890E+01 6.76180E-09
8.00102E+01 6.32801E-09
8.15474E+01 5.97134E-09
8.29166E+01 5.67578E-09
8.41335E+01 5.42919E-09
8.52129E+01 5.22223E-09
8.71353E+01 4.87886E-09
8.86056E+01 4.63622E-09
9.08576E+01 4.29471E-09
9.31668E+01 3.97835E-09
9.48270E+01 3.77187E-09
9.64634E+01 3.58207E-09
9.80757E+01 3.40732E-09
9.96633E+01 3.24615E-09
