0.000000000000000	350.004000000000019	0.000000000998965
1.000000000000000	351.004999999999995	0.000000001093842
2.000000000000000	352.004999999999995	0.000000001190532
3.000000000000000	353.005999999999971	0.000000001295392
4.000000000000000	354.005999999999971	0.000000001411822
5.000000000000000	355.005999999999971	0.000000001526027
6.000000000000000	356.005999999999971	0.000000001649977
7.000000000000000	357.005999999999971	0.000000001778328
8.000000000000000	358.005999999999971	0.000000001904895
9.000000000000000	359.005999999999971	0.000000002048947
10.000000000000000	360.004999999999995	0.000000002195409
11.000000000000000	361.004999999999995	0.000000002348022
12.000000000000000	362.004000000000019	0.000000002501727
13.000000000000000	363.002999999999986	0.000000002671926
14.000000000000000	364.002000000000009	0.000000002850923
15.000000000000000	365.000999999999976	0.000000003033815
16.000000000000000	366.000000000000000	0.000000003222775
17.000000000000000	366.997999999999990	0.000000003426952
18.000000000000000	367.997000000000014	0.000000003618242
19.000000000000000	368.995000000000004	0.000000003849968
20.000000000000000	369.992999999999995	0.000000004079521
21.000000000000000	370.990999999999985	0.000000004319963
22.000000000000000	371.988999999999976	0.000000004566341
23.000000000000000	372.987000000000023	0.000000004828481
24.000000000000000	373.983999999999980	0.000000005120715
25.000000000000000	375.017999999999972	0.000000005410063
26.000000000000000	376.016000000000019	0.000000005719266
27.000000000000000	377.012999999999976	0.000000006030590
28.000000000000000	378.009999999999991	0.000000006345220
29.000000000000000	379.005999999999971	0.000000006687115
30.000000000000000	380.002999999999986	0.000000007049147
31.000000000000000	380.999000000000023	0.000000007428161
32.000000000000000	381.995999999999981	0.000000007809986
33.000000000000000	382.992000000000018	0.000000008202413
34.000000000000000	383.987999999999999	0.000000008620729
35.000000000000000	384.983999999999980	0.000000009062238
36.000000000000000	386.016000000000019	0.000000009531751
37.000000000000000	387.012000000000000	0.000000009988539
38.000000000000000	388.007000000000005	0.000000010447603
39.000000000000000	389.002999999999986	0.000000010926053
40.000000000000000	389.997999999999990	0.000000011467922
41.000000000000000	390.992999999999995	0.000000011964231
42.000000000000000	391.987000000000023	0.000000012493517
43.000000000000000	392.982000000000027	0.000000013020137
44.000000000000000	394.012999999999976	0.000000013594754
45.000000000000000	395.007999999999981	0.000000014172916
46.000000000000000	396.002000000000009	0.000000014733863
47.000000000000000	396.995999999999980	0.000000015297198
48.000000000000000	397.990000000000009	0.000000015878555
49.000000000000000	398.983000000000004	0.000000016433268
50.000000000000000	400.014000000000010	0.000000017067180
51.000000000000000	401.007000000000005	0.000000017704184
52.000000000000000	402.000000000000000	0.000000018353832
53.000000000000000	402.992999999999995	0.000000019002805
54.000000000000000	403.985999999999990	0.000000019645611
55.000000000000000	405.016000000000019	0.000000020353283
56.000000000000000	406.007999999999981	0.000000021107429
57.000000000000000	407.000999999999976	0.000000021800983
58.000000000000000	407.992999999999995	0.000000022537499
59.000000000000000	408.985000000000013	0.000000023280767
60.000000000000000	410.014000000000010	0.000000024075122
61.000000000000000	411.004999999999995	0.000000024923460
62.000000000000000	411.997000000000014	0.000000025736554
63.000000000000000	412.988999999999976	0.000000026582770
64.000000000000000	414.016000000000019	0.000000027479150
65.000000000000000	415.007999999999981	0.000000028326935
66.000000000000000	415.999000000000023	0.000000029241736
67.000000000000000	416.988999999999976	0.000000030168309
68.000000000000000	418.016999999999996	0.000000031168399
69.000000000000000	419.007000000000005	0.000000032117555
70.000000000000000	419.997000000000014	0.000000033083540
71.000000000000000	420.987000000000023	0.000000034081060
72.000000000000000	422.014000000000010	0.000000035191068
73.000000000000000	423.004000000000019	0.000000036237714
74.000000000000000	423.992999999999995	0.000000037329857
75.000000000000000	424.983000000000004	0.000000038398668
76.000000000000000	426.009000000000014	0.000000039565821
77.000000000000000	426.997999999999990	0.000000040739543
78.000000000000000	427.987000000000023	0.000000041898542
79.000000000000000	429.012000000000000	0.000000043146807
80.000000000000000	430.000999999999976	0.000000044325907
81.000000000000000	430.988999999999975	0.000000045518666
82.000000000000000	432.014000000000010	0.000000046782476
83.000000000000000	433.002000000000009	0.000000048087504
84.000000000000000	433.990000000000009	0.000000049354475
85.000000000000000	435.014000000000010	0.000000050700264
86.000000000000000	436.002000000000009	0.000000051996480
87.000000000000000	436.988999999999975	0.000000053242546
88.000000000000000	438.012999999999976	0.000000054618602
89.000000000000000	439.000000000000000	0.000000056038697
90.000000000000000	439.987000000000023	0.000000057308835
91.000000000000000	441.009999999999990	0.000000058684606
92.000000000000000	441.995999999999980	0.000000060050577
93.000000000000000	442.983000000000004	0.000000061296402
94.000000000000000	444.004999999999995	0.000000062730731
95.000000000000000	444.990999999999985	0.000000064119447
96.000000000000000	446.014000000000010	0.000000065570573
97.000000000000000	446.999000000000023	0.000000066959664
98.000000000000000	447.985000000000013	0.000000068313518
99.000000000000000	449.005999999999971	0.000000069781941
100.000000000000000	449.990999999999985	0.000000071251229
101.000000000000000	451.012999999999976	0.000000072725995
102.000000000000000	451.997999999999990	0.000000074182368
103.000000000000000	452.982000000000027	0.000000075654871
104.000000000000000	454.002999999999985	0.000000077117545
105.000000000000000	454.987000000000023	0.000000078620329
106.000000000000000	456.007000000000005	0.000000080264717
107.000000000000000	456.990999999999985	0.000000081829684
108.000000000000000	458.011000000000024	0.000000083498626
109.000000000000000	458.995000000000004	0.000000085126569
110.000000000000000	460.014000000000010	0.000000086766559
111.000000000000000	460.997000000000014	0.000000088432972
112.000000000000000	462.016999999999995	0.000000090292528
113.000000000000000	462.999000000000023	0.000000091971946
114.000000000000000	463.982000000000027	0.000000093745207
115.000000000000000	465.000000000000000	0.000000095551079
116.000000000000000	465.983000000000004	0.000000097258350
117.000000000000000	467.000999999999976	0.000000099134027
118.000000000000000	467.983000000000004	0.000000101125160
119.000000000000000	469.000999999999976	0.000000102987900
120.000000000000000	469.982000000000027	0.000000104863170
121.000000000000000	471.000000000000000	0.000000106837230
122.000000000000000	472.016999999999995	0.000000108740340
123.000000000000000	472.997999999999990	0.000000110681720
124.000000000000000	474.014999999999986	0.000000112722560
125.000000000000000	474.995000000000004	0.000000114660820
126.000000000000000	476.012000000000000	0.000000116670440
127.000000000000000	476.992000000000018	0.000000118615700
128.000000000000000	478.007999999999981	0.000000120541250
129.000000000000000	478.987000000000023	0.000000122491030
130.000000000000000	480.002999999999985	0.000000124624040
131.000000000000000	480.982000000000027	0.000000126591380
132.000000000000000	481.997999999999990	0.000000128680140
133.000000000000000	483.012999999999976	0.000000130731400
134.000000000000000	483.992000000000018	0.000000132671480
135.000000000000000	485.005999999999971	0.000000134699910
136.000000000000000	485.985000000000013	0.000000136804020
137.000000000000000	486.999000000000023	0.000000138794310
138.000000000000000	488.012999999999976	0.000000140873180
139.000000000000000	488.990999999999985	0.000000142834780
140.000000000000000	490.004000000000019	0.000000144877220
141.000000000000000	491.017999999999972	0.000000146784050
142.000000000000000	491.995000000000004	0.000000148720590
143.000000000000000	493.007999999999981	0.000000150887710
144.000000000000000	493.985000000000013	0.000000152689490
145.000000000000000	494.997000000000014	0.000000154698580
146.000000000000000	496.009999999999990	0.000000156627850
147.000000000000000	496.985999999999990	0.000000158429180
148.000000000000000	497.997999999999990	0.000000160317330
149.000000000000000	499.009999999999990	0.000000162307350
150.000000000000000	499.985000000000013	0.000000164109510
151.000000000000000	500.997000000000014	0.000000165991100
152.000000000000000	502.007999999999981	0.000000167811860
153.000000000000000	502.983000000000004	0.000000169500560
154.000000000000000	503.994000000000028	0.000000171224950
155.000000000000000	505.004000000000019	0.000000173051390
156.000000000000000	506.014999999999986	0.000000174904220
157.000000000000000	506.988999999999975	0.000000176510550
158.000000000000000	507.999000000000023	0.000000178170600
159.000000000000000	509.009000000000014	0.000000179856270
160.000000000000000	510.017999999999972	0.000000181385640
161.000000000000000	510.990999999999985	0.000000182929300
162.000000000000000	512.000000000000000	0.000000184561450
163.000000000000000	513.009000000000014	0.000000186072230
164.000000000000000	514.018000000000029	0.000000187564540
165.000000000000000	514.990000000000009	0.000000188928290
166.000000000000000	515.999000000000023	0.000000190330340
167.000000000000000	517.006999999999948	0.000000191650180
168.000000000000000	518.014000000000010	0.000000193008760
169.000000000000000	518.985999999999990	0.000000194343000
170.000000000000000	519.993000000000051	0.000000195563780
171.000000000000000	521.000000000000000	0.000000196781130
172.000000000000000	522.006999999999948	0.000000197982730
173.000000000000000	523.014000000000010	0.000000199128170
174.000000000000000	523.985000000000013	0.000000200181150
175.000000000000000	524.990999999999985	0.000000201300650
176.000000000000000	525.996999999999957	0.000000202430180
177.000000000000000	527.003000000000042	0.000000203398280
178.000000000000000	528.008000000000038	0.000000204354030
179.000000000000000	529.014000000000010	0.000000205254220
180.000000000000000	529.982999999999947	0.000000206082630
181.000000000000000	530.988000000000056	0.000000206871490
182.000000000000000	531.991999999999961	0.000000207651830
183.000000000000000	532.996999999999957	0.000000208414270
184.000000000000000	534.000999999999976	0.000000209042000
185.000000000000000	535.004999999999995	0.000000209644890
186.000000000000000	536.009000000000014	0.000000210184900
187.000000000000000	537.011999999999943	0.000000210686630
188.000000000000000	538.015999999999962	0.000000211105330
189.000000000000000	538.982999999999947	0.000000211482200
190.000000000000000	539.985999999999989	0.000000211805080
191.000000000000000	540.989000000000032	0.000000212018070
192.000000000000000	541.990999999999985	0.000000212149050
193.000000000000000	542.993000000000051	0.000000212272250
194.000000000000000	543.995000000000004	0.000000212300550
195.000000000000000	544.996999999999957	0.000000212256420
196.000000000000000	545.998000000000047	0.000000212105530
197.000000000000000	546.999999999999999	0.000000211913890
198.000000000000000	548.000999999999976	0.000000211628040
199.000000000000000	549.001999999999952	0.000000211265240
200.000000000000000	550.001999999999952	0.000000210784540
201.000000000000000	551.001999999999952	0.000000210222240
202.000000000000000	552.003000000000042	0.000000209625680
203.000000000000000	553.001999999999952	0.000000208878460
204.000000000000000	554.001999999999952	0.000000208073980
205.000000000000000	555.000999999999976	0.000000207065560
206.000000000000000	556.000999999999976	0.000000206145050
207.000000000000000	556.999999999999999	0.000000205040430
208.000000000000000	557.998000000000047	0.000000203931320
209.000000000000000	558.996999999999957	0.000000202646170
210.000000000000000	559.995000000000004	0.000000201402110
211.000000000000000	560.993000000000051	0.000000199951660
212.000000000000000	561.990999999999985	0.000000198385010
213.000000000000000	562.988000000000056	0.000000196874230
214.000000000000000	563.985000000000013	0.000000195156070
215.000000000000000	564.981999999999970	0.000000193388400
216.000000000000000	566.014999999999986	0.000000191464530
217.000000000000000	567.010999999999967	0.000000189653040
218.000000000000000	568.008000000000038	0.000000187628130
219.000000000000000	569.004000000000019	0.000000185609190
220.000000000000000	569.999999999999999	0.000000183355000
221.000000000000000	570.995000000000004	0.000000167461460
222.000000000000000	571.990000000000009	0.000000178885050
223.000000000000000	572.985000000000013	0.000000189600950
224.000000000000000	574.015999999999962	0.000000200256290
225.000000000000000	575.009999999999990	0.000000210229580
226.000000000000000	576.004999999999995	0.000000219062070
227.000000000000000	576.999000000000023	0.000000227744700
228.000000000000000	577.993000000000051	0.000000236326370
229.000000000000000	578.985999999999989	0.000000243608860
230.000000000000000	580.014999999999986	0.000000250907490
231.000000000000000	581.008000000000038	0.000000257365740
232.000000000000000	582.000999999999976	0.000000263189920
233.000000000000000	582.994000000000028	0.000000268485320
234.000000000000000	583.985999999999989	0.000000273263250
235.000000000000000	585.014000000000009	0.000000277983690
236.000000000000000	586.004999999999995	0.000000282024850
237.000000000000000	586.996999999999957	0.000000286003990
238.000000000000000	587.989000000000032	0.000000289134640
239.000000000000000	589.014999999999986	0.000000292293440
240.000000000000000	590.005999999999971	0.000000294995440
241.000000000000000	590.996999999999957	0.000000297509370
242.000000000000000	591.986999999999966	0.000000299598380
243.000000000000000	593.011999999999943	0.000000301677830
244.000000000000000	594.001999999999952	0.000000303560600
245.000000000000000	594.991999999999961	0.000000305308870
246.000000000000000	596.015999999999962	0.000000306933420
247.000000000000000	597.004999999999995	0.000000308257150
248.000000000000000	597.994000000000028	0.000000309541080
249.000000000000000	598.982999999999947	0.000000310672610
250.000000000000000	600.005999999999971	0.000000311806180
251.000000000000000	600.994000000000028	0.000000312685770
252.000000000000000	602.018000000000028	0.000000313603280
253.000000000000000	603.004999999999995	0.000000314374970
254.000000000000000	603.991999999999961	0.000000315113270
255.000000000000000	605.014999999999986	0.000000315834040
256.000000000000000	606.000999999999976	0.000000316340640
257.000000000000000	606.988000000000056	0.000000316907250
258.000000000000000	608.009000000000014	0.000000317374270
259.000000000000000	608.995000000000004	0.000000317788580
260.000000000000000	610.015999999999962	0.000000318205030
261.000000000000000	611.001999999999952	0.000000318502920
262.000000000000000	611.986999999999966	0.000000318771900
263.000000000000000	613.006999999999948	0.000000319056690
264.000000000000000	613.991999999999961	0.000000319272810
265.000000000000000	615.010999999999967	0.000000319400290
266.000000000000000	615.995000000000004	0.000000319540220
267.000000000000000	617.014000000000009	0.000000319593010
268.000000000000000	617.998000000000047	0.000000319609170
269.000000000000000	619.015999999999962	0.000000319600810
270.000000000000000	619.999000000000023	0.000000319573410
271.000000000000000	621.017000000000052	0.000000319524480
272.000000000000000	621.999999999999999	0.000000319382370
273.000000000000000	623.017000000000052	0.000000319221240
274.000000000000000	623.999000000000023	0.000000319037420
275.000000000000000	625.015999999999962	0.000000318842850
276.000000000000000	625.996999999999957	0.000000318565380
277.000000000000000	627.013000000000033	0.000000318287560
278.000000000000000	627.994000000000028	0.000000317979610
279.000000000000000	629.009999999999990	0.000000317643570
280.000000000000000	629.990000000000008	0.000000317263040
281.000000000000000	631.004999999999995	0.000000316846580
282.000000000000000	631.985000000000013	0.000000316403270
283.000000000000000	632.999999999999999	0.000000315878570
284.000000000000000	634.014000000000009	0.000000315366630
285.000000000000000	634.993000000000051	0.000000314772690
286.000000000000000	636.006999999999948	0.000000314212700
287.000000000000000	636.985000000000013	0.000000313589750
288.000000000000000	637.998000000000047	0.000000312843210
289.000000000000000	639.010999999999967	0.000000312103840
290.000000000000000	639.989000000000032	0.000000311396460
291.000000000000000	641.000999999999976	0.000000310505770
292.000000000000000	642.013000000000033	0.000000309610690
293.000000000000000	642.989000000000032	0.000000308664570
294.000000000000000	644.000999999999976	0.000000307639810
295.000000000000000	645.011999999999943	0.000000306504210
296.000000000000000	645.988000000000056	0.000000305355100
297.000000000000000	646.998000000000047	0.000000303992500
298.000000000000000	648.009000000000014	0.000000302456560
299.000000000000000	648.984000000000037	0.000000300856160
300.000000000000000	649.993000000000051	0.000000299208400
301.000000000000000	651.003000000000042	0.000000297498920
302.000000000000000	652.011999999999943	0.000000295780680
303.000000000000000	652.985000000000013	0.000000294430780
304.000000000000000	653.994000000000028	0.000000293076760
305.000000000000000	655.001999999999952	0.000000292004580
306.000000000000000	656.009999999999990	0.000000291199810
307.000000000000000	656.982999999999947	0.000000290712650
308.000000000000000	657.990000000000008	0.000000290601040
309.000000000000000	658.996999999999957	0.000000290849550
310.000000000000000	660.004000000000018	0.000000291425720
311.000000000000000	661.009999999999990	0.000000292439320
312.000000000000000	662.015999999999962	0.000000293886920
313.000000000000000	662.986999999999966	0.000000295627070
314.000000000000000	663.991999999999961	0.000000297789170
315.000000000000000	664.998000000000047	0.000000300400260
316.000000000000000	666.003000000000042	0.000000303296280
317.000000000000000	667.006999999999948	0.000000306383850
318.000000000000000	668.010999999999967	0.000000309640970
319.000000000000000	669.014999999999986	0.000000313015100
320.000000000000000	669.984000000000037	0.000000316368290
321.000000000000000	670.988000000000056	0.000000319520410
322.000000000000000	671.990999999999985	0.000000322649190
323.000000000000000	672.994000000000028	0.000000325647950
324.000000000000000	673.995999999999980	0.000000328508360
325.000000000000000	674.998000000000047	0.000000331256140
326.000000000000000	675.999999999999999	0.000000333741050
327.000000000000000	677.000999999999976	0.000000336082710
328.000000000000000	678.003000000000042	0.000000338211200
329.000000000000000	679.004000000000018	0.000000340055680
330.000000000000000	680.004000000000018	0.000000341741290
331.000000000000000	681.004000000000018	0.000000343247220
332.000000000000000	682.004000000000018	0.000000344539250
333.000000000000000	683.004000000000018	0.000000345586910
334.000000000000000	684.003000000000042	0.000000346506070
335.000000000000000	685.001999999999952	0.000000347191020
336.000000000000000	686.000999999999976	0.000000347621970
337.000000000000000	686.999000000000023	0.000000347888920
338.000000000000000	687.996999999999957	0.000000347960520
339.000000000000000	688.995000000000004	0.000000347848640
340.000000000000000	689.993000000000051	0.000000347588730
341.000000000000000	690.990000000000008	0.000000347189890
342.000000000000000	691.986999999999966	0.000000346643610
343.000000000000000	692.982999999999947	0.000000346046330
344.000000000000000	694.014000000000009	0.000000345255080
345.000000000000000	695.009999999999990	0.000000344299100
346.000000000000000	696.004999999999995	0.000000343327960
347.000000000000000	696.999999999999999	0.000000342303250
348.000000000000000	697.995000000000004	0.000000341099180
349.000000000000000	698.990000000000008	0.000000339825030
350.000000000000000	699.984000000000037	0.000000338491230
351.000000000000000	701.013000000000033	0.000000337043180
352.000000000000000	702.005999999999971	0.000000335575600
353.000000000000000	702.999999999999999	0.000000334258010
354.000000000000000	703.993000000000051	0.000000332657440
355.000000000000000	704.985000000000013	0.000000331092510
356.000000000000000	706.011999999999943	0.000000329437770
357.000000000000000	707.004000000000018	0.000000327789540
358.000000000000000	707.995000000000004	0.000000326092520
359.000000000000000	708.986999999999966	0.000000324393380
360.000000000000000	710.011999999999943	0.000000322568870
361.000000000000000	711.003000000000042	0.000000320759880
362.000000000000000	711.993000000000051	0.000000318950800
363.000000000000000	712.982999999999947	0.000000317198570
364.000000000000000	714.006999999999947	0.000000315282200
365.000000000000000	714.996999999999957	0.000000313418720
366.000000000000000	715.985999999999989	0.000000311601350
367.000000000000000	717.009000000000014	0.000000309625920
368.000000000000000	717.996999999999957	0.000000307704860
369.000000000000000	718.985000000000013	0.000000305765120
370.000000000000000	720.006999999999947	0.000000303716060
371.000000000000000	720.994000000000028	0.000000301753120
372.000000000000000	722.014999999999986	0.000000299684640
373.000000000000000	723.001999999999952	0.000000297640020
374.000000000000000	723.989000000000032	0.000000295741580
375.000000000000000	725.009000000000014	0.000000293625520
376.000000000000000	725.995000000000004	0.000000291560370
377.000000000000000	727.014000000000009	0.000000289513310
378.000000000000000	727.999000000000023	0.000000287415000
379.000000000000000	728.984000000000037	0.000000285305430
380.000000000000000	730.001999999999952	0.000000283123700
381.000000000000000	730.985999999999989	0.000000281036700
382.000000000000000	732.004000000000018	0.000000278812100
383.000000000000000	732.986999999999966	0.000000276666370
384.000000000000000	734.004000000000018	0.000000274443010
385.000000000000000	734.986999999999966	0.000000272282490
386.000000000000000	736.003000000000042	0.000000269990010
387.000000000000000	736.985000000000013	0.000000267953300
388.000000000000000	738.000999999999976	0.000000265688570
389.000000000000000	739.015999999999962	0.000000263394480
390.000000000000000	739.996999999999956	0.000000261166250
391.000000000000000	741.011999999999943	0.000000258865930
392.000000000000000	741.991999999999961	0.000000256657520
393.000000000000000	743.005999999999971	0.000000254345250
394.000000000000000	743.985000000000013	0.000000252147640
395.000000000000000	744.998000000000047	0.000000249819280
396.000000000000000	746.010999999999966	0.000000247530690
397.000000000000000	746.990000000000008	0.000000245256390
398.000000000000000	748.001999999999952	0.000000242977510
399.000000000000000	749.013000000000033	0.000000240616900
400.000000000000000	749.990999999999985	0.000000238389670
401.000000000000000	751.001999999999952	0.000000236048740
402.000000000000000	752.011999999999943	0.000000233741780
403.000000000000000	752.989000000000032	0.000000231441640
404.000000000000000	753.998000000000047	0.000000229114460
405.000000000000000	755.008000000000037	0.000000226746610
406.000000000000000	755.982999999999946	0.000000224440010
407.000000000000000	756.991999999999961	0.000000222075610
408.000000000000000	758.000999999999976	0.000000219781430
409.000000000000000	759.008000000000037	0.000000217465030
410.000000000000000	760.015999999999962	0.000000215150320
411.000000000000000	760.990000000000008	0.000000213090300
412.000000000000000	761.996999999999956	0.000000210816670
413.000000000000000	763.003000000000042	0.000000208594570
414.000000000000000	764.009000000000014	0.000000206394520
415.000000000000000	765.014999999999986	0.000000204164770
416.000000000000000	765.986999999999966	0.000000202055480
417.000000000000000	766.991999999999961	0.000000199853650
418.000000000000000	767.996999999999956	0.000000197712380
419.000000000000000	769.000999999999976	0.000000195535110
420.000000000000000	770.004999999999995	0.000000193418230
421.000000000000000	771.008000000000037	0.000000191287300
422.000000000000000	772.011999999999943	0.000000189189700
423.000000000000000	773.014000000000009	0.000000187020910
424.000000000000000	774.017000000000052	0.000000184936700
425.000000000000000	774.985000000000013	0.000000182890810
426.000000000000000	775.986999999999966	0.000000180824500
427.000000000000000	776.988000000000056	0.000000178727960
428.000000000000000	777.989000000000032	0.000000176697160
429.000000000000000	778.990000000000008	0.000000174620080
430.000000000000000	779.990000000000008	0.000000172578700
431.000000000000000	780.990000000000008	0.000000170564680
432.000000000000000	781.989000000000032	0.000000168589410
433.000000000000000	782.988000000000056	0.000000166588290
434.000000000000000	783.986999999999966	0.000000164637170
435.000000000000000	784.985000000000013	0.000000162654310
436.000000000000000	786.015999999999962	0.000000160668050
437.000000000000000	787.013000000000033	0.000000158720290
438.000000000000000	788.010999999999966	0.000000156854990
439.000000000000000	789.006999999999947	0.000000154976390
440.000000000000000	790.004000000000018	0.000000153144890
441.000000000000000	790.999999999999999	0.000000151288500
442.000000000000000	791.995000000000004	0.000000149483860
443.000000000000000	792.990000000000008	0.000000147688050
444.000000000000000	793.985000000000013	0.000000145927110
445.000000000000000	795.011999999999943	0.000000144144580
446.000000000000000	796.006999999999947	0.000000142439770
447.000000000000000	796.999999999999999	0.000000140706440
448.000000000000000	797.993000000000051	0.000000139026070
449.000000000000000	798.985999999999989	0.000000137344190
450.000000000000000	800.011999999999943	0.000000135548400
451.000000000000000	801.004000000000018	0.000000133906800
452.000000000000000	801.995000000000004	0.000000132314750
453.000000000000000	802.985999999999989	0.000000130749420
454.000000000000000	804.009999999999990	0.000000129212530
455.000000000000000	805.000999999999976	0.000000127686790
456.000000000000000	805.990999999999985	0.000000126193650
457.000000000000000	807.013000000000033	0.000000124671310
458.000000000000000	808.003000000000042	0.000000123213520
459.000000000000000	808.991999999999961	0.000000121771130
460.000000000000000	810.013000000000033	0.000000120321410
461.000000000000000	811.000999999999976	0.000000118915690
462.000000000000000	811.989000000000032	0.000000117559720
463.000000000000000	813.009000000000014	0.000000116140350
464.000000000000000	813.995999999999980	0.000000114827250
465.000000000000000	815.014999999999986	0.000000113435440
466.000000000000000	816.000999999999976	0.000000112152520
467.000000000000000	816.986999999999966	0.000000110869600
468.000000000000000	818.004999999999995	0.000000109581830
469.000000000000000	818.990000000000008	0.000000108353590
470.000000000000000	820.006999999999947	0.000000107102840
471.000000000000000	820.990999999999985	0.000000105921300
472.000000000000000	822.006999999999947	0.000000104661440
473.000000000000000	822.990999999999985	0.000000103510750
474.000000000000000	824.005999999999971	0.000000102343980
475.000000000000000	824.989000000000032	0.000000101243540
476.000000000000000	826.003000000000042	0.000000100096300
477.000000000000000	826.985000000000013	0.000000099019626
478.000000000000000	827.999000000000023	0.000000097911082
479.000000000000000	829.011999999999943	0.000000096848784
480.000000000000000	829.993000000000051	0.000000095820610
481.000000000000000	831.004999999999995	0.000000094789054
482.000000000000000	831.985000000000013	0.000000093793009
483.000000000000000	832.995999999999980	0.000000092809536
484.000000000000000	834.008000000000037	0.000000091772417
485.000000000000000	834.985999999999989	0.000000090840565
486.000000000000000	835.996999999999956	0.000000089909106
487.000000000000000	837.006999999999947	0.000000089001237
488.000000000000000	838.015999999999962	0.000000088067147
489.000000000000000	838.993000000000051	0.000000087204367
490.000000000000000	840.001999999999952	0.000000086314299
491.000000000000000	841.009999999999990	0.000000085450593
492.000000000000000	841.985000000000013	0.000000084611449
493.000000000000000	842.991999999999961	0.000000083778001
494.000000000000000	843.999999999999999	0.000000082921888
495.000000000000000	845.005999999999971	0.000000082117992
496.000000000000000	846.011999999999943	0.000000081347758
497.000000000000000	846.985000000000013	0.000000080607499
498.000000000000000	847.990999999999985	0.000000079810142
499.000000000000000	848.995999999999980	0.000000079069532
500.000000000000000	849.999999999999999	0.000000078330834
501.000000000000000	851.004000000000018	0.000000077617672
502.000000000000000	852.006999999999947	0.000000076917612
503.000000000000000	853.009999999999990	0.000000076183798
504.000000000000000	854.013000000000033	0.000000075513559
505.000000000000000	855.014999999999986	0.000000074855838
506.000000000000000	855.984000000000036	0.000000074217217
507.000000000000000	856.985999999999989	0.000000073571643
508.000000000000000	857.986999999999966	0.000000072929569
509.000000000000000	858.986999999999966	0.000000072313442
510.000000000000000	859.986999999999966	0.000000071702700
511.000000000000000	860.985999999999989	0.000000065234554
512.000000000000000	861.985000000000013	0.000000065074973
513.000000000000000	862.984000000000036	0.000000064903323
514.000000000000000	864.014000000000009	0.000000064704893
515.000000000000000	865.011999999999943	0.000000064487080
516.000000000000000	866.009000000000014	0.000000064267838
517.000000000000000	867.005999999999971	0.000000064024819
518.000000000000000	868.001999999999952	0.000000063744014
519.000000000000000	868.998000000000046	0.000000063469388
520.000000000000000	869.994000000000027	0.000000063192077
521.000000000000000	870.988000000000056	0.000000062890918
522.000000000000000	872.014999999999986	0.000000062555988
523.000000000000000	873.009000000000014	0.000000062226784
524.000000000000000	874.003000000000042	0.000000061887280
525.000000000000000	874.995999999999980	0.000000061530240
526.000000000000000	875.989000000000032	0.000000061191405
527.000000000000000	877.013000000000033	0.000000060816103
528.000000000000000	878.004999999999995	0.000000060464814
528.999999999999999	878.995999999999980	0.000000060090400
529.999999999999999	879.986999999999966	0.000000059728751
530.999999999999999	881.009000000000014	0.000000059322120
531.999999999999999	881.999000000000023	0.000000058944212
532.999999999999999	882.988000000000056	0.000000058554937
533.999999999999999	884.009000000000014	0.000000058160087
534.999999999999999	884.998000000000046	0.000000057753367
535.999999999999999	885.985999999999989	0.000000057364664
536.999999999999999	887.004999999999995	0.000000056939281
537.999999999999999	887.991999999999961	0.000000056544071
538.999999999999999	889.010999999999966	0.000000056126736
539.999999999999999	889.996999999999956	0.000000055728986
540.999999999999999	891.014999999999986	0.000000055295685
541.999999999999999	891.999999999999999	0.000000054897953
542.999999999999999	892.984000000000036	0.000000054499830
543.999999999999999	894.000999999999976	0.000000054088195
544.999999999999999	894.984000000000036	0.000000053677786
545.999999999999999	895.999000000000023	0.000000053232446
546.999999999999999	897.014000000000009	0.000000052821287
547.999999999999999	897.995999999999980	0.000000052405996
548.999999999999999	899.009999999999990	0.000000051992037
549.999999999999999	899.990999999999985	0.000000051580233
550.999999999999999	901.004000000000018	0.000000051148853
551.999999999999999	901.984000000000036	0.000000050743795
552.999999999999999	902.995999999999980	0.000000050341436
553.999999999999999	904.006999999999947	0.000000049919025
554.999999999999999	904.985999999999989	0.000000049513043
555.999999999999999	905.995999999999980	0.000000049075550
556.999999999999999	907.005999999999971	0.000000048658393
557.999999999999999	908.014999999999986	0.000000048241757
558.999999999999999	908.991999999999961	0.000000047838098
559.999999999999999	909.999999999999999	0.000000047407974
560.999999999999999	911.008000000000037	0.000000047012408
561.999999999999999	912.014999999999985	0.000000046600043
562.999999999999999	912.990000000000008	0.000000046194157
563.999999999999999	913.995999999999980	0.000000045765247
564.999999999999999	915.001999999999952	0.000000045359399
565.999999999999999	916.006999999999947	0.000000044951036
566.999999999999999	917.011999999999943	0.000000044547412
567.999999999999999	917.985000000000013	0.000000044163952
568.999999999999999	918.988000000000056	0.000000043763933
569.999999999999999	919.990999999999985	0.000000043387098
570.999999999999999	920.994000000000027	0.000000042987738
571.999999999999999	921.995999999999980	0.000000042593578
572.999999999999999	922.998000000000046	0.000000042190939
573.999999999999999	923.999000000000023	0.000000041790867
574.999999999999999	924.999000000000023	0.000000041399365
575.999999999999999	925.999000000000023	0.000000040983546
576.999999999999999	926.999000000000023	0.000000040610536
577.999999999999999	927.998000000000046	0.000000040210524
578.999999999999999	928.995999999999980	0.000000039807630
579.999999999999999	929.994000000000027	0.000000039388470
580.999999999999999	930.991999999999961	0.000000038995106
581.999999999999999	931.989000000000032	0.000000038598824
582.999999999999999	932.985000000000013	0.000000038215720
583.999999999999999	934.011999999999943	0.000000037805716
584.999999999999999	935.006999999999947	0.000000037425318
585.999999999999999	936.001999999999952	0.000000037049318
586.999999999999999	936.996999999999956	0.000000036667273
587.999999999999999	937.990999999999985	0.000000036309794
588.999999999999999	939.014999999999985	0.000000035937322
589.999999999999999	940.006999999999947	0.000000035563654
590.999999999999999	940.999999999999999	0.000000035218325
591.999999999999999	941.991999999999961	0.000000034864733
592.999999999999999	943.014000000000009	0.000000034481648
593.999999999999999	944.004000000000018	0.000000034141480
594.999999999999999	944.995000000000004	0.000000033781190
595.999999999999999	946.014999999999985	0.000000033439506
596.999999999999999	947.004000000000018	0.000000033079234
597.999999999999999	947.993000000000051	0.000000032743669
598.999999999999999	949.011999999999943	0.000000032399528
599.999999999999999	949.999000000000023	0.000000032055868
600.999999999999999	950.985999999999989	0.000000031728762
601.999999999999999	952.003000000000042	0.000000031396554
602.999999999999999	952.989000000000032	0.000000031050889
603.999999999999999	954.004999999999994	0.000000030736628
604.999999999999999	954.990000000000008	0.000000030415530
605.999999999999999	956.004999999999994	0.000000030063867
606.999999999999999	956.989000000000032	0.000000029749333
607.999999999999999	958.003000000000042	0.000000029426481
608.999999999999999	958.985000000000013	0.000000029099118
609.999999999999999	959.998000000000046	0.000000028791493
610.999999999999999	961.009999999999990	0.000000028476433
611.999999999999999	961.990999999999984	0.000000028163179
612.999999999999999	963.001999999999952	0.000000027855269
613.999999999999999	964.013000000000033	0.000000027554298
614.999999999999999	964.991999999999961	0.000000027250505
615.999999999999999	966.001999999999952	0.000000026962204
616.999999999999999	967.010999999999966	0.000000026636277
617.999999999999999	967.988000000000055	0.000000026361528
618.999999999999999	968.995999999999980	0.000000026061339
619.999999999999999	970.003000000000042	0.000000025762289
620.999999999999999	971.009999999999990	0.000000025489730
621.999999999999999	971.985000000000013	0.000000025207158
622.999999999999999	972.990999999999984	0.000000024905962
623.999999999999999	973.995999999999980	0.000000024622194
624.999999999999999	974.999999999999999	0.000000024347747
625.999999999999999	976.004000000000018	0.000000024068389
626.999999999999999	977.006999999999947	0.000000023789227
627.999999999999999	978.009999999999990	0.000000023498642
628.999999999999999	979.010999999999966	0.000000023223961
629.999999999999999	980.013000000000033	0.000000022953009
630.999999999999999	981.014000000000009	0.000000022684767
631.999999999999999	982.014000000000009	0.000000022416948
632.999999999999999	983.014000000000009	0.000000022141850
633.999999999999999	984.013000000000033	0.000000021879271
634.999999999999999	985.011999999999943	0.000000021624631
635.999999999999999	986.009000000000014	0.000000021366594
636.999999999999999	987.006999999999947	0.000000021105888
637.999999999999999	988.004000000000018	0.000000020837050
638.999999999999999	988.999999999999999	0.000000020579469
639.999999999999999	989.995000000000004	0.000000020329498
640.999999999999999	990.990000000000008	0.000000020077170
641.999999999999999	992.014999999999985	0.000000019822559
642.999999999999999	993.009000000000014	0.000000019565332
643.999999999999999	994.001999999999952	0.000000019322272
644.999999999999999	994.995000000000004	0.000000019064969
645.999999999999999	995.986999999999965	0.000000018844159
646.999999999999999	997.009000000000014	0.000000018585318
647.999999999999999	997.999999999999999	0.000000018346870
648.999999999999999	998.990000000000008	0.000000018110314
649.999999999999999	1000.009000000000010	0.000000017874383
650.999999999999999	1000.999000000000020	0.000000017643339
651.999999999999999	1001.986999999999970	0.000000017400278
652.999999999999999	1003.004999999999990	0.000000017164739
653.999999999999999	1003.991999999999960	0.000000016933766
654.999999999999999	1005.009000000000010	0.000000016712753
655.999999999999999	1005.995000000000000	0.000000016472089
656.999999999999999	1007.009999999999990	0.000000016239554
657.999999999999999	1007.995000000000000	0.000000016014959
658.999999999999999	1009.009999999999990	0.000000015784849
659.999999999999999	1009.993000000000050	0.000000015561059
660.999999999999999	1011.005999999999970	0.000000015327024
661.999999999999999	1011.989000000000030	0.000000015107884
662.999999999999999	1013.000000000000000	0.000000014884412
663.999999999999999	1014.010999999999970	0.000000014657015
664.999999999999999	1014.991999999999960	0.000000014433277
665.999999999999999	1016.001999999999950	0.000000014205366
666.999999999999999	1017.010999999999970	0.000000013983115
667.999999999999999	1017.990000000000010	0.000000013767330
668.999999999999999	1018.998000000000050	0.000000013539324
669.999999999999999	1020.004999999999990	0.000000013322588
670.999999999999999	1021.010999999999970	0.000000013103842
671.999999999999999	1021.988000000000060	0.000000012888013
672.999999999999999	1022.993000000000050	0.000000012667094
673.999999999999999	1023.998000000000050	0.000000012450852
674.999999999999999	1025.001999999999950	0.000000012230452
675.999999999999999	1026.005000000000110	0.000000012016631
676.999999999999999	1027.008000000000040	0.000000011801490
677.999999999999999	1028.009999999999990	0.000000011593100
678.999999999999999	1029.011999999999940	0.000000011379368
679.999999999999999	1030.011999999999940	0.000000011154949
680.999999999999999	1031.012999999999920	0.000000010949907
681.999999999999999	1032.011999999999940	0.000000010725910
682.999999999999999	1033.010999999999970	0.000000010534033
683.999999999999999	1034.009000000000010	0.000000010322415
684.999999999999999	1035.007000000000060	0.000000010123092
685.999999999999999	1036.003999999999900	0.000000009916327
686.999999999999999	1037.000000000000000	0.000000009716056
687.999999999999999	1037.996000000000090	0.000000009515672
688.999999999999999	1038.990999999999980	0.000000009312637
689.999999999999999	1040.015000000000100	0.000000009113199
690.999999999999999	1041.008000000000040	0.000000008917406
691.999999999999999	1042.000999999999980	0.000000008715044
692.999999999999999	1042.993999999999910	0.000000008516245
693.999999999999999	1044.015000000000100	0.000000008330674
694.999999999999999	1045.006000000000080	0.000000008139489
695.999999999999999	1045.996000000000090	0.000000007952044
696.999999999999999	1046.986000000000100	0.000000007766297
697.999999999999999	1048.003999999999900	0.000000007587744
698.999999999999999	1048.991999999999960	0.000000007402668
