0.000000000000000	350.004000000000019	0.000000000278328
1.000000000000000	351.004999999999995	0.000000000299582
2.000000000000000	352.004999999999995	0.000000000320641
3.000000000000000	353.005999999999971	0.000000000344079
4.000000000000000	354.005999999999971	0.000000000368919
5.000000000000000	355.005999999999971	0.000000000391410
6.000000000000000	356.005999999999971	0.000000000420535
7.000000000000000	357.005999999999971	0.000000000448610
8.000000000000000	358.005999999999971	0.000000000474624
9.000000000000000	359.005999999999971	0.000000000506727
10.000000000000000	360.004999999999995	0.000000000537233
11.000000000000000	361.004999999999995	0.000000000569347
12.000000000000000	362.004000000000019	0.000000000604592
13.000000000000000	363.002999999999986	0.000000000639920
14.000000000000000	364.002000000000009	0.000000000678617
15.000000000000000	365.000999999999976	0.000000000719394
16.000000000000000	366.000000000000000	0.000000000761306
17.000000000000000	366.997999999999990	0.000000000805916
18.000000000000000	367.997000000000014	0.000000000847096
19.000000000000000	368.995000000000004	0.000000000901391
20.000000000000000	369.992999999999995	0.000000000952698
21.000000000000000	370.990999999999985	0.000000001009259
22.000000000000000	371.988999999999976	0.000000001066285
23.000000000000000	372.987000000000023	0.000000001128852
24.000000000000000	373.983999999999980	0.000000001203330
25.000000000000000	375.017999999999972	0.000000001275655
26.000000000000000	376.016000000000019	0.000000001354202
27.000000000000000	377.012999999999976	0.000000001437643
28.000000000000000	378.009999999999991	0.000000001520219
29.000000000000000	379.005999999999971	0.000000001617053
30.000000000000000	380.002999999999986	0.000000001716618
31.000000000000000	380.999000000000023	0.000000001826516
32.000000000000000	381.995999999999981	0.000000001939124
33.000000000000000	382.992000000000018	0.000000002057131
34.000000000000000	383.987999999999999	0.000000002186089
35.000000000000000	384.983999999999980	0.000000002325720
36.000000000000000	386.016000000000019	0.000000002476726
37.000000000000000	387.012000000000000	0.000000002628237
38.000000000000000	388.007000000000005	0.000000002785403
39.000000000000000	389.002999999999986	0.000000002950534
40.000000000000000	389.997999999999990	0.000000003142431
41.000000000000000	390.992999999999995	0.000000003322562
42.000000000000000	391.987000000000023	0.000000003517951
43.000000000000000	392.982000000000027	0.000000003719812
44.000000000000000	394.012999999999976	0.000000003940762
45.000000000000000	395.007999999999981	0.000000004170996
46.000000000000000	396.002000000000009	0.000000004398850
47.000000000000000	396.995999999999980	0.000000004634418
48.000000000000000	397.990000000000009	0.000000004879828
49.000000000000000	398.983000000000004	0.000000005117560
50.000000000000000	400.014000000000010	0.000000005398205
51.000000000000000	401.007000000000005	0.000000005682619
52.000000000000000	402.000000000000000	0.000000005980314
53.000000000000000	402.992999999999995	0.000000006283552
54.000000000000000	403.985999999999990	0.000000006587789
55.000000000000000	405.016000000000019	0.000000006921924
56.000000000000000	406.007999999999981	0.000000007289501
57.000000000000000	407.000999999999976	0.000000007627634
58.000000000000000	407.992999999999995	0.000000007993727
59.000000000000000	408.985000000000013	0.000000008368816
60.000000000000000	410.014000000000010	0.000000008774152
61.000000000000000	411.004999999999995	0.000000009207687
62.000000000000000	411.997000000000014	0.000000009628693
63.000000000000000	412.988999999999976	0.000000010077531
64.000000000000000	414.016000000000019	0.000000010558704
65.000000000000000	415.007999999999981	0.000000011016172
66.000000000000000	415.999000000000023	0.000000011520341
67.000000000000000	416.988999999999976	0.000000012017702
68.000000000000000	418.016999999999996	0.000000012576353
69.000000000000000	419.007000000000005	0.000000013112451
70.000000000000000	419.997000000000014	0.000000013667812
71.000000000000000	420.987000000000023	0.000000014234973
72.000000000000000	422.014000000000010	0.000000014892033
73.000000000000000	423.004000000000019	0.000000015497169
74.000000000000000	423.992999999999995	0.000000016147400
75.000000000000000	424.983000000000004	0.000000016783369
76.000000000000000	426.009000000000014	0.000000017495024
77.000000000000000	426.997999999999990	0.000000018209563
78.000000000000000	427.987000000000023	0.000000018902911
79.000000000000000	429.012000000000000	0.000000019681932
80.000000000000000	430.000999999999976	0.000000020425657
81.000000000000000	430.988999999999975	0.000000021181945
82.000000000000000	432.014000000000010	0.000000021991210
83.000000000000000	433.002000000000009	0.000000022834844
84.000000000000000	433.990000000000009	0.000000023643197
85.000000000000000	435.014000000000010	0.000000024528098
86.000000000000000	436.002000000000009	0.000000025386621
87.000000000000000	436.988999999999975	0.000000026222833
88.000000000000000	438.012999999999976	0.000000027148731
89.000000000000000	439.000000000000000	0.000000028097192
90.000000000000000	439.987000000000023	0.000000028971827
91.000000000000000	441.009999999999990	0.000000029926178
92.000000000000000	441.995999999999980	0.000000030880418
93.000000000000000	442.983000000000004	0.000000031768824
94.000000000000000	444.004999999999995	0.000000032788477
95.000000000000000	444.990999999999985	0.000000033767937
96.000000000000000	446.014000000000010	0.000000034820044
97.000000000000000	446.999000000000023	0.000000035837158
98.000000000000000	447.985000000000013	0.000000036831573
99.000000000000000	449.005999999999971	0.000000037912344
100.000000000000000	449.990999999999985	0.000000039012261
101.000000000000000	451.012999999999976	0.000000040096134
102.000000000000000	451.997999999999990	0.000000041198039
103.000000000000000	452.982000000000027	0.000000042318226
104.000000000000000	454.002999999999985	0.000000043420580
105.000000000000000	454.987000000000023	0.000000044585253
106.000000000000000	456.007000000000005	0.000000045863464
107.000000000000000	456.990999999999985	0.000000047045351
108.000000000000000	458.011000000000024	0.000000048338916
109.000000000000000	458.995000000000004	0.000000049621228
110.000000000000000	460.014000000000010	0.000000050919887
111.000000000000000	460.997000000000014	0.000000052212921
112.000000000000000	462.016999999999995	0.000000053678192
113.000000000000000	462.999000000000023	0.000000055007761
114.000000000000000	463.982000000000027	0.000000056415660
115.000000000000000	465.000000000000000	0.000000057873187
116.000000000000000	465.983000000000004	0.000000059251212
117.000000000000000	467.000999999999976	0.000000060748789
118.000000000000000	467.983000000000004	0.000000062351692
119.000000000000000	469.000999999999976	0.000000063862749
120.000000000000000	469.982000000000027	0.000000065385636
121.000000000000000	471.000000000000000	0.000000067014659
122.000000000000000	472.016999999999995	0.000000068584315
123.000000000000000	472.997999999999990	0.000000070198321
124.000000000000000	474.014999999999986	0.000000071900873
125.000000000000000	474.995000000000004	0.000000073519719
126.000000000000000	476.012000000000000	0.000000075215796
127.000000000000000	476.992000000000018	0.000000076869105
128.000000000000000	478.007999999999981	0.000000078502131
129.000000000000000	478.987000000000023	0.000000080158722
130.000000000000000	480.002999999999985	0.000000081997807
131.000000000000000	480.982000000000027	0.000000083704802
132.000000000000000	481.997999999999990	0.000000085525810
133.000000000000000	483.012999999999976	0.000000087308182
134.000000000000000	483.992000000000018	0.000000089041129
135.000000000000000	485.005999999999971	0.000000090818922
136.000000000000000	485.985000000000013	0.000000092726672
137.000000000000000	486.999000000000023	0.000000094494652
138.000000000000000	488.012999999999976	0.000000096371522
139.000000000000000	488.990999999999985	0.000000098144273
140.000000000000000	490.004000000000019	0.000000100038050
141.000000000000000	491.017999999999972	0.000000101806670
142.000000000000000	491.995000000000004	0.000000103615140
143.000000000000000	493.007999999999981	0.000000105620260
144.000000000000000	493.985000000000013	0.000000107336770
145.000000000000000	494.997000000000014	0.000000109214000
146.000000000000000	496.009999999999990	0.000000111075350
147.000000000000000	496.985999999999990	0.000000112815570
148.000000000000000	497.997999999999990	0.000000114665650
149.000000000000000	499.009999999999990	0.000000116611950
150.000000000000000	499.985000000000013	0.000000118386070
151.000000000000000	500.997000000000014	0.000000120218700
152.000000000000000	502.007999999999981	0.000000122053760
153.000000000000000	502.983000000000004	0.000000123765180
154.000000000000000	503.994000000000028	0.000000125555370
155.000000000000000	505.004000000000019	0.000000127414540
156.000000000000000	506.014999999999986	0.000000129326900
157.000000000000000	506.988999999999975	0.000000130983980
158.000000000000000	507.999000000000023	0.000000132772500
159.000000000000000	509.009000000000014	0.000000134518880
160.000000000000000	510.017999999999972	0.000000136216860
161.000000000000000	510.990999999999985	0.000000137854710
162.000000000000000	512.000000000000000	0.000000139619390
163.000000000000000	513.009000000000014	0.000000141261380
164.000000000000000	514.018000000000029	0.000000142936770
165.000000000000000	514.990000000000009	0.000000144502270
166.000000000000000	515.999000000000023	0.000000146147540
167.000000000000000	517.006999999999948	0.000000147656830
168.000000000000000	518.014000000000010	0.000000149231460
169.000000000000000	518.985999999999990	0.000000150852680
170.000000000000000	519.993000000000051	0.000000152343460
171.000000000000000	521.000000000000000	0.000000153863770
172.000000000000000	522.006999999999948	0.000000155354370
173.000000000000000	523.014000000000010	0.000000156764130
174.000000000000000	523.985000000000013	0.000000158165800
175.000000000000000	524.990999999999985	0.000000159587740
176.000000000000000	525.996999999999957	0.000000161067640
177.000000000000000	527.003000000000042	0.000000162368200
178.000000000000000	528.008000000000038	0.000000163671690
179.000000000000000	529.014000000000010	0.000000164951440
180.000000000000000	529.982999999999947	0.000000166110450
181.000000000000000	530.988000000000056	0.000000167279550
182.000000000000000	531.991999999999961	0.000000168469270
183.000000000000000	532.996999999999957	0.000000169662710
184.000000000000000	534.000999999999976	0.000000170698330
185.000000000000000	535.004999999999995	0.000000171748210
186.000000000000000	536.009000000000014	0.000000172702060
187.000000000000000	537.011999999999943	0.000000173653850
188.000000000000000	538.015999999999962	0.000000174562700
189.000000000000000	538.982999999999947	0.000000175357380
190.000000000000000	539.985999999999989	0.000000176216510
191.000000000000000	540.989000000000032	0.000000176908440
192.000000000000000	541.990999999999985	0.000000177605240
193.000000000000000	542.993000000000051	0.000000178200720
194.000000000000000	543.995000000000004	0.000000178751630
195.000000000000000	544.996999999999957	0.000000179209160
196.000000000000000	545.998000000000047	0.000000179600020
197.000000000000000	546.999999999999999	0.000000179990130
198.000000000000000	548.000999999999976	0.000000180224650
199.000000000000000	549.001999999999952	0.000000180415640
200.000000000000000	550.001999999999952	0.000000180487660
201.000000000000000	551.001999999999952	0.000000180527270
202.000000000000000	552.003000000000042	0.000000180455870
203.000000000000000	553.001999999999952	0.000000180344680
204.000000000000000	554.001999999999952	0.000000180127880
205.000000000000000	555.000999999999976	0.000000179799720
206.000000000000000	556.000999999999976	0.000000179447080
207.000000000000000	556.999999999999999	0.000000179001580
208.000000000000000	557.998000000000047	0.000000178472750
209.000000000000000	558.996999999999957	0.000000177779650
210.000000000000000	559.995000000000004	0.000000177153760
211.000000000000000	560.993000000000051	0.000000176375710
212.000000000000000	561.990999999999985	0.000000175403160
213.000000000000000	562.988000000000056	0.000000174509960
214.000000000000000	563.985000000000013	0.000000173430660
215.000000000000000	564.981999999999970	0.000000172325280
216.000000000000000	566.014999999999986	0.000000171048540
217.000000000000000	567.010999999999967	0.000000169823810
218.000000000000000	568.008000000000038	0.000000168410110
219.000000000000000	569.004000000000019	0.000000167007630
220.000000000000000	569.999999999999999	0.000000165368540
221.000000000000000	570.995000000000004	0.000000152480560
222.000000000000000	571.990000000000009	0.000000163172660
223.000000000000000	572.985000000000013	0.000000173284180
224.000000000000000	574.015999999999962	0.000000183355200
225.000000000000000	575.009999999999990	0.000000192922010
226.000000000000000	576.004999999999995	0.000000201232440
227.000000000000000	576.999000000000023	0.000000209725610
228.000000000000000	577.993000000000051	0.000000218188540
229.000000000000000	578.985999999999989	0.000000225290310
230.000000000000000	580.014999999999986	0.000000232524330
231.000000000000000	581.008000000000038	0.000000239018860
232.000000000000000	582.000999999999976	0.000000244983680
233.000000000000000	582.994000000000028	0.000000250394310
234.000000000000000	583.985999999999989	0.000000255334420
235.000000000000000	585.014000000000009	0.000000260345100
236.000000000000000	586.004999999999995	0.000000264694410
237.000000000000000	586.996999999999957	0.000000269118390
238.000000000000000	587.989000000000032	0.000000272481110
239.000000000000000	589.014999999999986	0.000000276061050
240.000000000000000	590.005999999999971	0.000000279209220
241.000000000000000	590.996999999999957	0.000000282137670
242.000000000000000	591.986999999999966	0.000000284645990
243.000000000000000	593.011999999999943	0.000000287251970
244.000000000000000	594.001999999999952	0.000000289609900
245.000000000000000	594.991999999999961	0.000000291886780
246.000000000000000	596.015999999999962	0.000000294156190
247.000000000000000	597.004999999999995	0.000000295926630
248.000000000000000	597.994000000000028	0.000000297766130
249.000000000000000	598.982999999999947	0.000000299412800
250.000000000000000	600.005999999999971	0.000000301087070
251.000000000000000	600.994000000000028	0.000000302500810
252.000000000000000	602.018000000000028	0.000000304010530
253.000000000000000	603.004999999999995	0.000000305355200
254.000000000000000	603.991999999999961	0.000000306741670
255.000000000000000	605.014999999999986	0.000000308032040
256.000000000000000	606.000999999999976	0.000000309144020
257.000000000000000	606.988000000000056	0.000000310285040
258.000000000000000	608.009000000000014	0.000000311334070
259.000000000000000	608.995000000000004	0.000000312326310
260.000000000000000	610.015999999999962	0.000000313350630
261.000000000000000	611.001999999999952	0.000000314169970
262.000000000000000	611.986999999999966	0.000000315062460
263.000000000000000	613.006999999999948	0.000000315921160
264.000000000000000	613.991999999999961	0.000000316727300
265.000000000000000	615.010999999999967	0.000000317501400
266.000000000000000	615.995000000000004	0.000000318212080
267.000000000000000	617.014000000000009	0.000000318846280
268.000000000000000	617.998000000000047	0.000000319387520
269.000000000000000	619.015999999999962	0.000000320033010
270.000000000000000	619.999000000000023	0.000000320460930
271.000000000000000	621.017000000000052	0.000000320995570
272.000000000000000	621.999999999999999	0.000000321445500
273.000000000000000	623.017000000000052	0.000000321894970
274.000000000000000	623.999000000000023	0.000000322282550
275.000000000000000	625.015999999999962	0.000000322670810
276.000000000000000	625.996999999999957	0.000000323025210
277.000000000000000	627.013000000000033	0.000000323220810
278.000000000000000	627.994000000000028	0.000000323497360
279.000000000000000	629.009999999999990	0.000000323639380
280.000000000000000	629.990000000000008	0.000000323803520
281.000000000000000	631.004999999999995	0.000000323943100
282.000000000000000	631.985000000000013	0.000000324009040
283.000000000000000	632.999999999999999	0.000000324097880
284.000000000000000	634.014000000000009	0.000000324093760
285.000000000000000	634.993000000000051	0.000000324152290
286.000000000000000	636.006999999999948	0.000000324073730
287.000000000000000	636.985000000000013	0.000000323899940
288.000000000000000	637.998000000000047	0.000000323699060
289.000000000000000	639.010999999999967	0.000000323388510
290.000000000000000	639.989000000000032	0.000000323135100
291.000000000000000	641.000999999999976	0.000000322722830
292.000000000000000	642.013000000000033	0.000000322295850
293.000000000000000	642.989000000000032	0.000000321859190
294.000000000000000	644.000999999999976	0.000000321281830
295.000000000000000	645.011999999999943	0.000000320633270
296.000000000000000	645.988000000000056	0.000000319862120
297.000000000000000	646.998000000000047	0.000000318921040
298.000000000000000	648.009000000000014	0.000000317794040
299.000000000000000	648.984000000000037	0.000000316598380
300.000000000000000	649.993000000000051	0.000000315319930
301.000000000000000	651.003000000000042	0.000000313990220
302.000000000000000	652.011999999999943	0.000000312692940
303.000000000000000	652.985000000000013	0.000000311619010
304.000000000000000	653.994000000000028	0.000000310655460
305.000000000000000	655.001999999999952	0.000000309990540
306.000000000000000	656.009999999999990	0.000000309675270
307.000000000000000	656.982999999999947	0.000000309630180
308.000000000000000	657.990000000000008	0.000000309996430
309.000000000000000	658.996999999999957	0.000000310731910
310.000000000000000	660.004000000000018	0.000000311798730
311.000000000000000	661.009999999999990	0.000000313281380
312.000000000000000	662.015999999999962	0.000000315216140
313.000000000000000	662.986999999999966	0.000000317497430
314.000000000000000	663.991999999999961	0.000000320237900
315.000000000000000	664.998000000000047	0.000000323511870
316.000000000000000	666.003000000000042	0.000000327071380
317.000000000000000	667.006999999999948	0.000000330868020
318.000000000000000	668.010999999999967	0.000000334809630
319.000000000000000	669.014999999999986	0.000000338982110
320.000000000000000	669.984000000000037	0.000000343106280
321.000000000000000	670.988000000000056	0.000000346764610
322.000000000000000	671.990999999999985	0.000000350672300
323.000000000000000	672.994000000000028	0.000000354461990
324.000000000000000	673.995999999999980	0.000000358003820
325.000000000000000	674.998000000000047	0.000000361441460
326.000000000000000	675.999999999999999	0.000000364605750
327.000000000000000	677.000999999999976	0.000000367683520
328.000000000000000	678.003000000000042	0.000000370506750
329.000000000000000	679.004000000000018	0.000000372976910
330.000000000000000	680.004000000000018	0.000000375274330
331.000000000000000	681.004000000000018	0.000000377372010
332.000000000000000	682.004000000000018	0.000000379253280
333.000000000000000	683.004000000000018	0.000000380920120
334.000000000000000	684.003000000000042	0.000000382345440
335.000000000000000	685.001999999999952	0.000000383545850
336.000000000000000	686.000999999999976	0.000000384595110
337.000000000000000	686.999000000000023	0.000000385307890
338.000000000000000	687.996999999999957	0.000000385841870
339.000000000000000	688.995000000000004	0.000000386134320
340.000000000000000	689.993000000000051	0.000000386296640
341.000000000000000	690.990000000000008	0.000000386278240
342.000000000000000	691.986999999999966	0.000000386066950
343.000000000000000	692.982999999999947	0.000000385805450
344.000000000000000	694.014000000000009	0.000000385355960
345.000000000000000	695.009999999999990	0.000000384776330
346.000000000000000	696.004999999999995	0.000000384053610
347.000000000000000	696.999999999999999	0.000000383281430
348.000000000000000	697.995000000000004	0.000000382327880
349.000000000000000	698.990000000000008	0.000000381341840
350.000000000000000	699.984000000000037	0.000000380224370
351.000000000000000	701.013000000000033	0.000000379005160
352.000000000000000	702.005999999999971	0.000000377727130
353.000000000000000	702.999999999999999	0.000000376550590
354.000000000000000	703.993000000000051	0.000000375223290
355.000000000000000	704.985000000000013	0.000000373810790
356.000000000000000	706.011999999999943	0.000000372319060
357.000000000000000	707.004000000000018	0.000000370774420
358.000000000000000	707.995000000000004	0.000000369268400
359.000000000000000	708.986999999999966	0.000000367689920
360.000000000000000	710.011999999999943	0.000000365940710
361.000000000000000	711.003000000000042	0.000000364295150
362.000000000000000	711.993000000000051	0.000000362559970
363.000000000000000	712.982999999999947	0.000000360888600
364.000000000000000	714.006999999999947	0.000000359029410
365.000000000000000	714.996999999999957	0.000000357208490
366.000000000000000	715.985999999999989	0.000000355388960
367.000000000000000	717.009000000000014	0.000000353553110
368.000000000000000	717.996999999999957	0.000000351604860
369.000000000000000	718.985000000000013	0.000000349734140
370.000000000000000	720.006999999999947	0.000000347746590
371.000000000000000	720.994000000000028	0.000000345674120
372.000000000000000	722.014999999999986	0.000000343680410
373.000000000000000	723.001999999999952	0.000000341656310
374.000000000000000	723.989000000000032	0.000000339761530
375.000000000000000	725.009000000000014	0.000000337700660
376.000000000000000	725.995000000000004	0.000000335612490
377.000000000000000	727.014000000000009	0.000000333495350
378.000000000000000	727.999000000000023	0.000000331372630
379.000000000000000	728.984000000000037	0.000000329256640
380.000000000000000	730.001999999999952	0.000000326982480
381.000000000000000	730.985999999999989	0.000000324826910
382.000000000000000	732.004000000000018	0.000000322568380
383.000000000000000	732.986999999999966	0.000000320287760
384.000000000000000	734.004000000000018	0.000000317987280
385.000000000000000	734.986999999999966	0.000000315722750
386.000000000000000	736.003000000000042	0.000000313338260
387.000000000000000	736.985000000000013	0.000000311180260
388.000000000000000	738.000999999999976	0.000000308779330
389.000000000000000	739.015999999999962	0.000000306379220
390.000000000000000	739.996999999999956	0.000000303982170
391.000000000000000	741.011999999999943	0.000000301571390
392.000000000000000	741.991999999999961	0.000000299171910
393.000000000000000	743.005999999999971	0.000000296661220
394.000000000000000	743.985000000000013	0.000000294340100
395.000000000000000	744.998000000000047	0.000000291807620
396.000000000000000	746.010999999999966	0.000000289289840
397.000000000000000	746.990000000000008	0.000000286864920
398.000000000000000	748.001999999999952	0.000000284431400
399.000000000000000	749.013000000000033	0.000000281857380
400.000000000000000	749.990999999999985	0.000000279375260
401.000000000000000	751.001999999999952	0.000000276852420
402.000000000000000	752.011999999999943	0.000000274286150
403.000000000000000	752.989000000000032	0.000000271723050
404.000000000000000	753.998000000000047	0.000000269146240
405.000000000000000	755.008000000000037	0.000000266589680
406.000000000000000	755.982999999999946	0.000000264004410
407.000000000000000	756.991999999999961	0.000000261398590
408.000000000000000	758.000999999999976	0.000000258814570
409.000000000000000	759.008000000000037	0.000000256231000
410.000000000000000	760.015999999999962	0.000000253719400
411.000000000000000	760.990000000000008	0.000000251413500
412.000000000000000	761.996999999999956	0.000000248896960
413.000000000000000	763.003000000000042	0.000000246367350
414.000000000000000	764.009000000000014	0.000000243904520
415.000000000000000	765.014999999999986	0.000000241407120
416.000000000000000	765.986999999999966	0.000000239018820
417.000000000000000	766.991999999999961	0.000000236533600
418.000000000000000	767.996999999999956	0.000000234100380
419.000000000000000	769.000999999999976	0.000000231664200
420.000000000000000	770.004999999999995	0.000000229248930
421.000000000000000	771.008000000000037	0.000000226813660
422.000000000000000	772.011999999999943	0.000000224429180
423.000000000000000	773.014000000000009	0.000000221976830
424.000000000000000	774.017000000000052	0.000000219615570
425.000000000000000	774.985000000000013	0.000000217247540
426.000000000000000	775.986999999999966	0.000000214894910
427.000000000000000	776.988000000000056	0.000000212446670
428.000000000000000	777.989000000000032	0.000000210129420
429.000000000000000	778.990000000000008	0.000000207744400
430.000000000000000	779.990000000000008	0.000000205431260
431.000000000000000	780.990000000000008	0.000000203107700
432.000000000000000	781.989000000000032	0.000000200823290
433.000000000000000	782.988000000000056	0.000000198509600
434.000000000000000	783.986999999999966	0.000000196249940
435.000000000000000	784.985000000000013	0.000000193951460
436.000000000000000	786.015999999999962	0.000000191649350
437.000000000000000	787.013000000000033	0.000000189416090
438.000000000000000	788.010999999999966	0.000000187269010
439.000000000000000	789.006999999999947	0.000000185085420
440.000000000000000	790.004000000000018	0.000000182933230
441.000000000000000	790.999999999999999	0.000000180792860
442.000000000000000	791.995000000000004	0.000000178666640
443.000000000000000	792.990000000000008	0.000000176567620
444.000000000000000	793.985000000000013	0.000000174532440
445.000000000000000	795.011999999999943	0.000000172432280
446.000000000000000	796.006999999999947	0.000000170436350
447.000000000000000	796.999999999999999	0.000000168443300
448.000000000000000	797.993000000000051	0.000000166483340
449.000000000000000	798.985999999999989	0.000000164540300
450.000000000000000	800.011999999999943	0.000000162442770
451.000000000000000	801.004000000000018	0.000000160511380
452.000000000000000	801.995000000000004	0.000000158658040
453.000000000000000	802.985999999999989	0.000000156807990
454.000000000000000	804.009999999999990	0.000000155027130
455.000000000000000	805.000999999999976	0.000000153227260
456.000000000000000	805.990999999999985	0.000000151492570
457.000000000000000	807.013000000000033	0.000000149723370
458.000000000000000	808.003000000000042	0.000000147980440
459.000000000000000	808.991999999999961	0.000000146273290
460.000000000000000	810.013000000000033	0.000000144632250
461.000000000000000	811.000999999999976	0.000000142959980
462.000000000000000	811.989000000000032	0.000000141334280
463.000000000000000	813.009000000000014	0.000000139677700
464.000000000000000	813.995999999999980	0.000000138116470
465.000000000000000	815.014999999999986	0.000000136479800
466.000000000000000	816.000999999999976	0.000000134975780
467.000000000000000	816.986999999999966	0.000000133468500
468.000000000000000	818.004999999999995	0.000000131936960
469.000000000000000	818.990000000000008	0.000000130481110
470.000000000000000	820.006999999999947	0.000000129011510
471.000000000000000	820.990999999999985	0.000000127618400
472.000000000000000	822.006999999999947	0.000000126140910
473.000000000000000	822.990999999999985	0.000000124786950
474.000000000000000	824.005999999999971	0.000000123385940
475.000000000000000	824.989000000000032	0.000000122077420
476.000000000000000	826.003000000000042	0.000000120741400
477.000000000000000	826.985000000000013	0.000000119489060
478.000000000000000	827.999000000000023	0.000000118173480
479.000000000000000	829.011999999999943	0.000000116913180
480.000000000000000	829.993000000000051	0.000000115699600
481.000000000000000	831.004999999999995	0.000000114469170
482.000000000000000	831.985000000000013	0.000000113284520
483.000000000000000	832.995999999999980	0.000000112108000
484.000000000000000	834.008000000000037	0.000000110867520
485.000000000000000	834.985999999999989	0.000000109774320
486.000000000000000	835.996999999999956	0.000000108667710
487.000000000000000	837.006999999999947	0.000000107588020
488.000000000000000	838.015999999999962	0.000000106496350
489.000000000000000	838.993000000000051	0.000000105445840
490.000000000000000	840.001999999999952	0.000000104396570
491.000000000000000	841.009999999999990	0.000000103354970
492.000000000000000	841.985000000000013	0.000000102380250
493.000000000000000	842.991999999999961	0.000000101366550
494.000000000000000	843.999999999999999	0.000000100337630
495.000000000000000	845.005999999999971	0.000000099388706
496.000000000000000	846.011999999999943	0.000000098471628
497.000000000000000	846.985000000000013	0.000000097569675
498.000000000000000	847.990999999999985	0.000000096646961
499.000000000000000	848.995999999999980	0.000000095750273
500.000000000000000	849.999999999999999	0.000000094877614
501.000000000000000	851.004000000000018	0.000000094014036
502.000000000000000	852.006999999999947	0.000000093167748
503.000000000000000	853.009999999999990	0.000000092286318
504.000000000000000	854.013000000000033	0.000000091460707
505.000000000000000	855.014999999999986	0.000000090700931
506.000000000000000	855.984000000000036	0.000000089919961
507.000000000000000	856.985999999999989	0.000000089151781
508.000000000000000	857.986999999999966	0.000000088385613
509.000000000000000	858.986999999999966	0.000000087638490
510.000000000000000	859.986999999999966	0.000000086894260
511.000000000000000	860.985999999999989	0.000000079107252
512.000000000000000	861.985000000000013	0.000000078920803
513.000000000000000	862.984000000000036	0.000000078713572
514.000000000000000	864.014000000000009	0.000000078481701
515.000000000000000	865.011999999999943	0.000000078218591
516.000000000000000	866.009000000000014	0.000000077946763
517.000000000000000	867.005999999999971	0.000000077647590
518.000000000000000	868.001999999999952	0.000000077315104
519.000000000000000	868.998000000000046	0.000000076977933
520.000000000000000	869.994000000000027	0.000000076646345
521.000000000000000	870.988000000000056	0.000000076267640
522.000000000000000	872.014999999999986	0.000000075886709
523.000000000000000	873.009000000000014	0.000000075471027
524.000000000000000	874.003000000000042	0.000000075049923
525.000000000000000	874.995999999999980	0.000000074635692
526.000000000000000	875.989000000000032	0.000000074227236
527.000000000000000	877.013000000000033	0.000000073763378
528.000000000000000	878.004999999999995	0.000000073344809
528.999999999999999	878.995999999999980	0.000000072879221
529.999999999999999	879.986999999999966	0.000000072440391
530.999999999999999	881.009000000000014	0.000000071942596
531.999999999999999	881.999000000000023	0.000000071475696
532.999999999999999	882.988000000000056	0.000000071001388
533.999999999999999	884.009000000000014	0.000000070512160
534.999999999999999	884.998000000000046	0.000000070042026
535.999999999999999	885.985999999999989	0.000000069556278
536.999999999999999	887.004999999999995	0.000000069035013
537.999999999999999	887.991999999999961	0.000000068550882
538.999999999999999	889.010999999999966	0.000000068051074
539.999999999999999	889.996999999999956	0.000000067553075
540.999999999999999	891.014999999999986	0.000000067028945
541.999999999999999	891.999999999999999	0.000000066537344
542.999999999999999	892.984000000000036	0.000000066050649
543.999999999999999	894.000999999999976	0.000000065542617
544.999999999999999	894.984000000000036	0.000000065046552
545.999999999999999	895.999000000000023	0.000000064504881
546.999999999999999	897.014000000000009	0.000000064002198
547.999999999999999	897.995999999999980	0.000000063498799
548.999999999999999	899.009999999999990	0.000000062990998
549.999999999999999	899.990999999999985	0.000000062480109
550.999999999999999	901.004000000000018	0.000000061945430
551.999999999999999	901.984000000000036	0.000000061448274
552.999999999999999	902.995999999999980	0.000000060962863
553.999999999999999	904.006999999999947	0.000000060436732
554.999999999999999	904.985999999999989	0.000000059949936
555.999999999999999	905.995999999999980	0.000000059412301
556.999999999999999	907.005999999999971	0.000000058907932
557.999999999999999	908.014999999999986	0.000000058388552
558.999999999999999	908.991999999999961	0.000000057890559
559.999999999999999	909.999999999999999	0.000000057365500
560.999999999999999	911.008000000000037	0.000000056879283
561.999999999999999	912.014999999999985	0.000000056371717
562.999999999999999	912.990000000000008	0.000000055888803
563.999999999999999	913.995999999999980	0.000000055360284
564.999999999999999	915.001999999999952	0.000000054863818
565.999999999999999	916.006999999999947	0.000000054361400
566.999999999999999	917.011999999999943	0.000000053875652
567.999999999999999	917.985000000000013	0.000000053412156
568.999999999999999	918.988000000000056	0.000000052907179
569.999999999999999	919.990999999999985	0.000000052448635
570.999999999999999	920.994000000000027	0.000000051968048
571.999999999999999	921.995999999999980	0.000000051488955
572.999999999999999	922.998000000000046	0.000000050982515
573.999999999999999	923.999000000000023	0.000000050491933
574.999999999999999	924.999000000000023	0.000000050016557
575.999999999999999	925.999000000000023	0.000000049504799
576.999999999999999	926.999000000000023	0.000000049040292
577.999999999999999	927.998000000000046	0.000000048548847
578.999999999999999	928.995999999999980	0.000000048051646
579.999999999999999	929.994000000000027	0.000000047544555
580.999999999999999	930.991999999999961	0.000000047066332
581.999999999999999	931.989000000000032	0.000000046586642
582.999999999999999	932.985000000000013	0.000000046113901
583.999999999999999	934.011999999999943	0.000000045617162
584.999999999999999	935.006999999999947	0.000000045141918
585.999999999999999	936.001999999999952	0.000000044687361
586.999999999999999	936.996999999999956	0.000000044210565
587.999999999999999	937.990999999999985	0.000000043778305
588.999999999999999	939.014999999999985	0.000000043334530
589.999999999999999	940.006999999999947	0.000000042868401
590.999999999999999	940.999999999999999	0.000000042451483
591.999999999999999	941.991999999999961	0.000000042017961
592.999999999999999	943.014000000000009	0.000000041552053
593.999999999999999	944.004000000000018	0.000000041142403
594.999999999999999	944.995000000000004	0.000000040697972
595.999999999999999	946.014999999999985	0.000000040281594
596.999999999999999	947.004000000000018	0.000000039844024
597.999999999999999	947.993000000000051	0.000000039435799
598.999999999999999	949.011999999999943	0.000000039009253
599.999999999999999	949.999000000000023	0.000000038595080
600.999999999999999	950.985999999999989	0.000000038188766
601.999999999999999	952.003000000000042	0.000000037785551
602.999999999999999	952.989000000000032	0.000000037370149
603.999999999999999	954.004999999999994	0.000000036987671
604.999999999999999	954.990000000000008	0.000000036592323
605.999999999999999	956.004999999999994	0.000000036169366
606.999999999999999	956.989000000000032	0.000000035785480
607.999999999999999	958.003000000000042	0.000000035394210
608.999999999999999	958.985000000000013	0.000000034997853
609.999999999999999	959.998000000000046	0.000000034622081
610.999999999999999	961.009999999999990	0.000000034241717
611.999999999999999	961.990999999999984	0.000000033864470
612.999999999999999	963.001999999999952	0.000000033488661
613.999999999999999	964.013000000000033	0.000000033128331
614.999999999999999	964.991999999999961	0.000000032760099
615.999999999999999	966.001999999999952	0.000000032406924
616.999999999999999	967.010999999999966	0.000000032014999
617.999999999999999	967.988000000000055	0.000000031678235
618.999999999999999	968.995999999999980	0.000000031313276
619.999999999999999	970.003000000000042	0.000000030946163
620.999999999999999	971.009999999999990	0.000000030612193
621.999999999999999	971.985000000000013	0.000000030273185
622.999999999999999	972.990999999999984	0.000000029906840
623.999999999999999	973.995999999999980	0.000000029566593
624.999999999999999	974.999999999999999	0.000000029232951
625.999999999999999	976.004000000000018	0.000000028893628
626.999999999999999	977.006999999999947	0.000000028558421
627.999999999999999	978.009999999999990	0.000000028199752
628.999999999999999	979.010999999999966	0.000000027868393
629.999999999999999	980.013000000000033	0.000000027538204
630.999999999999999	981.014000000000009	0.000000027209571
631.999999999999999	982.014000000000009	0.000000026882571
632.999999999999999	983.014000000000009	0.000000026551666
633.999999999999999	984.013000000000033	0.000000026226807
634.999999999999999	985.011999999999943	0.000000025913988
635.999999999999999	986.009000000000014	0.000000025598917
636.999999999999999	987.006999999999947	0.000000025278599
637.999999999999999	988.004000000000018	0.000000024942982
638.999999999999999	988.999999999999999	0.000000024627255
639.999999999999999	989.995000000000004	0.000000024320488
640.999999999999999	990.990000000000008	0.000000024008847
641.999999999999999	992.014999999999985	0.000000023697195
642.999999999999999	993.009000000000014	0.000000023374876
643.999999999999999	994.001999999999952	0.000000023072536
644.999999999999999	994.995000000000004	0.000000022754481
645.999999999999999	995.986999999999965	0.000000022477093
646.999999999999999	997.009000000000014	0.000000022152311
647.999999999999999	997.999999999999999	0.000000021852171
648.999999999999999	998.990000000000008	0.000000021554762
649.999999999999999	1000.009000000000010	0.000000021256014
650.999999999999999	1000.999000000000020	0.000000020963267
651.999999999999999	1001.986999999999970	0.000000020656109
652.999999999999999	1003.004999999999990	0.000000020358876
653.999999999999999	1003.991999999999960	0.000000020054505
654.999999999999999	1005.009000000000010	0.000000019775240
655.999999999999999	1005.995000000000000	0.000000019465209
656.999999999999999	1007.009999999999990	0.000000019168867
657.999999999999999	1007.995000000000000	0.000000018881344
658.999999999999999	1009.009999999999990	0.000000018587084
659.999999999999999	1009.993000000000050	0.000000018295267
660.999999999999999	1011.005999999999970	0.000000017989289
661.999999999999999	1011.989000000000030	0.000000017704465
662.999999999999999	1013.000000000000000	0.000000017414611
663.999999999999999	1014.010999999999970	0.000000017111532
664.999999999999999	1014.991999999999960	0.000000016820161
665.999999999999999	1016.001999999999950	0.000000016518509
666.999999999999999	1017.010999999999970	0.000000016230964
667.999999999999999	1017.990000000000010	0.000000015945750
668.999999999999999	1018.998000000000050	0.000000015642841
669.999999999999999	1020.004999999999990	0.000000015353110
670.999999999999999	1021.010999999999970	0.000000015063730
671.999999999999999	1021.988000000000060	0.000000014777238
672.999999999999999	1022.993000000000050	0.000000014482396
673.999999999999999	1023.998000000000050	0.000000014190397
674.999999999999999	1025.001999999999950	0.000000013901881
675.999999999999999	1026.005000000000110	0.000000013610672
676.999999999999999	1027.008000000000040	0.000000013322960
677.999999999999999	1028.009999999999990	0.000000013042727
678.999999999999999	1029.011999999999940	0.000000012753666
679.999999999999999	1030.011999999999940	0.000000012457269
680.999999999999999	1031.012999999999920	0.000000012179080
681.999999999999999	1032.011999999999940	0.000000011880890
682.999999999999999	1033.010999999999970	0.000000011623775
683.999999999999999	1034.009000000000010	0.000000011336943
684.999999999999999	1035.007000000000060	0.000000011071783
685.999999999999999	1036.003999999999900	0.000000010791430
686.999999999999999	1037.000000000000000	0.000000010528084
687.999999999999999	1037.996000000000090	0.000000010260874
688.999999999999999	1038.990999999999980	0.000000009992284
689.999999999999999	1040.015000000000100	0.000000009730165
690.999999999999999	1041.008000000000040	0.000000009467245
691.999999999999999	1042.000999999999980	0.000000009205752
692.999999999999999	1042.993999999999910	0.000000008944594
693.999999999999999	1044.015000000000100	0.000000008702871
694.999999999999999	1045.006000000000080	0.000000008457534
695.999999999999999	1045.996000000000090	0.000000008213549
696.999999999999999	1046.986000000000100	0.000000007976886
697.999999999999999	1048.003999999999900	0.000000007748177
698.999999999999999	1048.991999999999960	0.000000007514145
