0.000000000000000	350.004000000000019	0.000000000732601
1.000000000000000	355.005999999999971	0.000000001037229
2.000000000000000	360.004999999999995	0.000000001409855
3.000000000000000	365.000999999999976	0.000000001849582
4.000000000000000	369.992999999999995	0.000000002375417
5.000000000000000	375.017999999999972	0.000000003073657
6.000000000000000	380.002999999999986	0.000000004023086
7.000000000000000	384.983999999999980	0.000000005296562
8.000000000000000	389.997999999999990	0.000000007013989
9.000000000000000	395.007999999999981	0.000000009081152
10.000000000000000	400.014000000000010	0.000000011492217
11.000000000000000	405.016000000000019	0.000000014266329
12.000000000000000	410.014000000000010	0.000000017554689
13.000000000000000	415.007999999999981	0.000000021387921
14.000000000000000	419.997000000000014	0.000000025795171
15.000000000000000	424.983000000000004	0.000000030827108
16.000000000000000	430.000999999999976	0.000000036545540
17.000000000000000	435.014000000000010	0.000000042832926
18.000000000000000	439.987000000000023	0.000000049553242
19.000000000000000	444.990999999999985	0.000000056704058
20.000000000000000	449.990999999999985	0.000000064320548
21.000000000000000	454.987000000000023	0.000000072260227
22.000000000000000	460.014000000000010	0.000000081198382
23.000000000000000	465.000000000000000	0.000000091166778
24.000000000000000	469.982000000000027	0.000000102069320
25.000000000000000	474.995000000000004	0.000000113956750
26.000000000000000	480.002999999999985	0.000000126369930
27.000000000000000	485.005999999999971	0.000000139499660
28.000000000000000	490.004000000000019	0.000000153406890
29.000000000000000	494.997000000000014	0.000000167322500
30.000000000000000	499.985000000000013	0.000000181334110
31.000000000000000	505.004000000000019	0.000000195355190
32.000000000000000	510.017999999999972	0.000000209197300
33.000000000000000	514.990000000000009	0.000000222593450
34.000000000000000	519.993000000000051	0.000000235363300
35.000000000000000	524.990999999999985	0.000000247453090
36.000000000000000	529.982999999999947	0.000000258579800
37.000000000000000	535.004999999999995	0.000000268895830
38.000000000000000	539.985999999999989	0.000000277615750
39.000000000000000	544.996999999999957	0.000000284380700
40.000000000000000	550.001999999999952	0.000000288703430
41.000000000000000	555.000999999999976	0.000000289979550
42.000000000000000	559.995000000000004	0.000000288011200
43.000000000000000	564.981999999999970	0.000000282567390
44.000000000000000	569.999999999999999	0.000000273824010
45.000000000000000	575.009999999999990	0.000000314368300
46.000000000000000	580.014999999999986	0.000000385845170
47.000000000000000	585.014000000000009	0.000000436408970
48.000000000000000	590.005999999999971	0.000000471855960
49.000000000000000	594.991999999999961	0.000000497275000
50.000000000000000	600.005999999999971	0.000000517603780
51.000000000000000	605.014999999999986	0.000000534529860
52.000000000000000	610.015999999999962	0.000000549063100
53.000000000000000	615.010999999999967	0.000000561309690
54.000000000000000	619.999000000000023	0.000000571663880
55.000000000000000	625.015999999999962	0.000000579955850
56.000000000000000	629.990000000000008	0.000000587339220
57.000000000000000	634.993000000000051	0.000000592806810
58.000000000000000	639.989000000000032	0.000000596459560
59.000000000000000	645.011999999999943	0.000000597448070
60.000000000000000	649.993000000000051	0.000000595168770
61.000000000000000	655.001999999999952	0.000000585013490
62.000000000000000	660.004000000000018	0.000000578475080
63.000000000000000	664.998000000000047	0.000000610370050
64.000000000000000	669.984000000000037	0.000000657135300
65.000000000000000	674.998000000000047	0.000000700994930
66.000000000000000	680.004000000000018	0.000000735366110
67.000000000000000	685.001999999999952	0.000000757811080
68.000000000000000	689.993000000000051	0.000000767238690
69.000000000000000	695.009999999999990	0.000000766601190
70.000000000000000	699.984000000000037	0.000000758976690
71.000000000000000	704.985000000000013	0.000000747192830
72.000000000000000	710.011999999999943	0.000000732547980
73.000000000000000	714.996999999999957	0.000000715327940
74.000000000000000	720.006999999999947	0.000000696816750
75.000000000000000	725.009000000000014	0.000000677528030
76.000000000000000	730.001999999999952	0.000000657384280
77.000000000000000	734.986999999999966	0.000000636748520
78.000000000000000	739.996999999999956	0.000000615256820
79.000000000000000	744.998000000000047	0.000000592456010
80.000000000000000	749.990999999999985	0.000000569627250
81.000000000000000	755.008000000000037	0.000000545881760
82.000000000000000	760.015999999999962	0.000000522025050
83.000000000000000	765.014999999999986	0.000000498918940
84.000000000000000	770.004999999999995	0.000000476504680
85.000000000000000	774.985000000000013	0.000000454127350
86.000000000000000	779.990000000000008	0.000000432171030
87.000000000000000	784.985000000000013	0.000000410612630
88.000000000000000	790.004000000000018	0.000000389667870
89.000000000000000	795.011999999999943	0.000000369791410
90.000000000000000	800.011999999999943	0.000000350761110
91.000000000000000	805.000999999999976	0.000000333177040
92.000000000000000	810.013000000000033	0.000000316690610
93.000000000000000	815.014999999999986	0.000000301016230
94.000000000000000	820.006999999999947	0.000000286275210
95.000000000000000	824.989000000000032	0.000000272461290
96.000000000000000	829.993000000000051	0.000000259423660
97.000000000000000	834.985999999999989	0.000000247187190
98.000000000000000	840.001999999999952	0.000000236013160
99.000000000000000	845.005999999999971	0.000000225766250
100.000000000000000	849.999999999999999	0.000000216300860
101.000000000000000	855.014999999999986	0.000000207769630
102.000000000000000	859.986999999999966	0.000000199882300
103.000000000000000	865.011999999999943	0.000000181932630
104.000000000000000	869.994000000000027	0.000000179017940
105.000000000000000	874.995999999999980	0.000000175183680
106.000000000000000	879.986999999999966	0.000000170811540
107.000000000000000	884.998000000000046	0.000000165935080
108.000000000000000	889.996999999999956	0.000000160679320
109.000000000000000	894.984000000000036	0.000000155412310
110.000000000000000	899.990999999999985	0.000000149955740
111.000000000000000	904.985999999999989	0.000000144437640
112.000000000000000	909.999999999999999	0.000000138765930
113.000000000000000	915.001999999999952	0.000000133204970
114.000000000000000	919.990999999999985	0.000000127684670
115.000000000000000	924.999000000000023	0.000000122284450
116.000000000000000	929.994000000000027	0.000000116575250
117.000000000000000	935.006999999999947	0.000000111086450
118.000000000000000	940.006999999999947	0.000000105832050
119.000000000000000	944.995000000000004	0.000000100800150
120.000000000000000	949.999000000000023	0.000000096038828
121.000000000000000	954.990000000000008	0.000000091465057
122.000000000000000	959.998000000000046	0.000000086988088
123.000000000000000	964.991999999999961	0.000000082748792
124.000000000000000	970.003000000000042	0.000000078692991
125.000000000000000	974.999999999999999	0.000000074738555
126.000000000000000	980.013000000000033	0.000000070746154
127.000000000000000	985.011999999999943	0.000000066816030
128.000000000000000	989.995000000000004	0.000000062911033
129.000000000000000	994.995000000000004	0.000000059018239
130.000000000000000	1000.009000000000010	0.000000055278077
131.000000000000000	1005.009000000000010	0.000000051557840
132.000000000000000	1009.993000000000050	0.000000047762222
133.000000000000000	1014.991999999999960	0.000000043933995
134.000000000000000	1020.004999999999990	0.000000040165127
135.000000000000000	1025.001999999999950	0.000000036436467
136.000000000000000	1030.011999999999940	0.000000032693058
137.000000000000000	1035.007000000000060	0.000000029075539
138.000000000000000	1040.015000000000100	0.000000025539884
139.000000000000000	1045.006000000000080	0.000000022165618
