0.000000000000000	350.004000000000019	0.000000000724118
1.000000000000000	355.005999999999971	0.000000001036070
2.000000000000000	360.004999999999995	0.000000001408972
3.000000000000000	365.000999999999976	0.000000001848644
4.000000000000000	369.992999999999995	0.000000002378681
5.000000000000000	375.017999999999972	0.000000003078432
6.000000000000000	380.002999999999986	0.000000004024930
7.000000000000000	384.983999999999980	0.000000005303201
8.000000000000000	389.997999999999990	0.000000007014522
9.000000000000000	395.007999999999981	0.000000009074622
10.000000000000000	400.014000000000010	0.000000011492296
11.000000000000000	405.016000000000019	0.000000014265420
12.000000000000000	410.014000000000010	0.000000017546808
13.000000000000000	415.007999999999981	0.000000021382399
14.000000000000000	419.997000000000014	0.000000025781520
15.000000000000000	424.983000000000004	0.000000030806231
16.000000000000000	430.000999999999976	0.000000036543462
17.000000000000000	435.014000000000010	0.000000042811348
18.000000000000000	439.987000000000023	0.000000049535967
19.000000000000000	444.990999999999985	0.000000056678693
20.000000000000000	449.990999999999985	0.000000064282784
21.000000000000000	454.987000000000023	0.000000072199762
22.000000000000000	460.014000000000010	0.000000081178214
23.000000000000000	465.000000000000000	0.000000091123451
24.000000000000000	469.982000000000027	0.000000102034160
25.000000000000000	474.995000000000004	0.000000113891960
26.000000000000000	480.002999999999985	0.000000126289820
27.000000000000000	485.005999999999971	0.000000139346730
28.000000000000000	490.004000000000019	0.000000153238500
29.000000000000000	494.997000000000014	0.000000167216610
30.000000000000000	499.985000000000013	0.000000181189100
31.000000000000000	505.004000000000019	0.000000195144810
32.000000000000000	510.017999999999972	0.000000208930570
33.000000000000000	514.990000000000009	0.000000222236560
34.000000000000000	519.993000000000051	0.000000235027370
35.000000000000000	524.990999999999985	0.000000247181000
36.000000000000000	529.982999999999947	0.000000258418390
37.000000000000000	535.004999999999995	0.000000268659460
38.000000000000000	539.985999999999989	0.000000277407900
39.000000000000000	544.996999999999957	0.000000284188570
40.000000000000000	550.001999999999952	0.000000288448930
41.000000000000000	555.000999999999976	0.000000289617960
42.000000000000000	559.995000000000004	0.000000287605420
43.000000000000000	564.981999999999970	0.000000282275470
44.000000000000000	569.999999999999999	0.000000273536920
45.000000000000000	575.009999999999990	0.000000311138880
46.000000000000000	580.014999999999986	0.000000383582450
47.000000000000000	585.014000000000009	0.000000434821240
48.000000000000000	590.005999999999971	0.000000470918740
49.000000000000000	594.991999999999961	0.000000496614480
50.000000000000000	600.005999999999971	0.000000517201750
51.000000000000000	605.014999999999986	0.000000534387700
52.000000000000000	610.015999999999962	0.000000548786360
53.000000000000000	615.010999999999967	0.000000561060730
54.000000000000000	619.999000000000023	0.000000571292440
55.000000000000000	625.015999999999962	0.000000580028020
56.000000000000000	629.990000000000008	0.000000587257510
57.000000000000000	634.993000000000051	0.000000593201500
58.000000000000000	639.989000000000032	0.000000596815200
59.000000000000000	645.011999999999943	0.000000597541330
60.000000000000000	649.993000000000051	0.000000595178330
61.000000000000000	655.001999999999952	0.000000585029470
62.000000000000000	660.004000000000018	0.000000578754180
63.000000000000000	664.998000000000047	0.000000611110820
64.000000000000000	669.984000000000037	0.000000657941620
65.000000000000000	674.998000000000047	0.000000701930320
66.000000000000000	680.004000000000018	0.000000736143070
67.000000000000000	685.001999999999952	0.000000758508580
68.000000000000000	689.993000000000051	0.000000767788580
69.000000000000000	695.009999999999990	0.000000767073480
70.000000000000000	699.984000000000037	0.000000759456020
71.000000000000000	704.985000000000013	0.000000747747130
72.000000000000000	710.011999999999943	0.000000733127830
73.000000000000000	714.996999999999957	0.000000716114580
74.000000000000000	720.006999999999947	0.000000697604050
75.000000000000000	725.009000000000014	0.000000678307830
76.000000000000000	730.001999999999952	0.000000658201030
77.000000000000000	734.986999999999966	0.000000637536210
78.000000000000000	739.996999999999956	0.000000615916490
79.000000000000000	744.998000000000047	0.000000593478150
80.000000000000000	749.990999999999985	0.000000570526230
81.000000000000000	755.008000000000037	0.000000546835580
82.000000000000000	760.015999999999962	0.000000522817810
83.000000000000000	765.014999999999986	0.000000499849850
84.000000000000000	770.004999999999995	0.000000477493280
85.000000000000000	774.985000000000013	0.000000455174310
86.000000000000000	779.990000000000008	0.000000433298270
87.000000000000000	784.985000000000013	0.000000411875960
88.000000000000000	790.004000000000018	0.000000390886850
89.000000000000000	795.011999999999943	0.000000370840230
90.000000000000000	800.011999999999943	0.000000351761610
91.000000000000000	805.000999999999976	0.000000333821630
92.000000000000000	810.013000000000033	0.000000317163180
93.000000000000000	815.014999999999986	0.000000301340170
94.000000000000000	820.006999999999947	0.000000286735830
95.000000000000000	824.989000000000032	0.000000272986800
96.000000000000000	829.993000000000051	0.000000260065760
97.000000000000000	834.985999999999989	0.000000247741600
98.000000000000000	840.001999999999952	0.000000236552810
99.000000000000000	845.005999999999971	0.000000226290570
100.000000000000000	849.999999999999999	0.000000216678840
101.000000000000000	855.014999999999986	0.000000208022440
102.000000000000000	859.986999999999966	0.000000200119710
103.000000000000000	865.011999999999943	0.000000181740510
104.000000000000000	869.994000000000027	0.000000179046150
105.000000000000000	874.995999999999980	0.000000175197300
106.000000000000000	879.986999999999966	0.000000170798990
107.000000000000000	884.998000000000046	0.000000165931790
108.000000000000000	889.996999999999956	0.000000160641300
109.000000000000000	894.984000000000036	0.000000155363960
110.000000000000000	899.990999999999985	0.000000149813120
111.000000000000000	904.985999999999989	0.000000144421580
112.000000000000000	909.999999999999999	0.000000138777150
113.000000000000000	915.001999999999952	0.000000133246560
114.000000000000000	919.990999999999985	0.000000127802490
115.000000000000000	924.999000000000023	0.000000122248430
116.000000000000000	929.994000000000027	0.000000116589830
117.000000000000000	935.006999999999947	0.000000111036880
118.000000000000000	940.006999999999947	0.000000105812870
119.000000000000000	944.995000000000004	0.000000100771720
120.000000000000000	949.999000000000023	0.000000096055077
121.000000000000000	954.990000000000008	0.000000091472446
122.000000000000000	959.998000000000046	0.000000087010009
123.000000000000000	964.991999999999961	0.000000082822317
124.000000000000000	970.003000000000042	0.000000078772800
125.000000000000000	974.999999999999999	0.000000074794327
126.000000000000000	980.013000000000033	0.000000070814074
127.000000000000000	985.011999999999943	0.000000066878585
128.000000000000000	989.995000000000004	0.000000062966047
129.000000000000000	994.995000000000004	0.000000059094191
130.000000000000000	1000.009000000000010	0.000000055369874
131.000000000000000	1005.009000000000010	0.000000051674640
132.000000000000000	1009.993000000000050	0.000000047886570
133.000000000000000	1014.991999999999960	0.000000044083302
134.000000000000000	1020.004999999999990	0.000000040289377
135.000000000000000	1025.001999999999950	0.000000036558834
136.000000000000000	1030.011999999999940	0.000000032826755
137.000000000000000	1035.007000000000060	0.000000029214988
138.000000000000000	1040.015000000000100	0.000000025674568
139.000000000000000	1045.006000000000080	0.000000022299525
