0.000000000000000	350.004000000000019	0.000000000757344
1.000000000000000	355.005999999999971	0.000000001039521
2.000000000000000	360.004999999999995	0.000000001409497
3.000000000000000	365.000999999999976	0.000000001849777
4.000000000000000	369.992999999999995	0.000000002376526
5.000000000000000	375.017999999999972	0.000000003077225
6.000000000000000	380.002999999999986	0.000000004023948
7.000000000000000	384.983999999999980	0.000000005300878
8.000000000000000	389.997999999999990	0.000000007015029
9.000000000000000	395.007999999999981	0.000000009079872
10.000000000000000	400.014000000000010	0.000000011496791
11.000000000000000	405.016000000000019	0.000000014261673
12.000000000000000	410.014000000000010	0.000000017556669
13.000000000000000	415.007999999999981	0.000000021374019
14.000000000000000	419.997000000000014	0.000000025773668
15.000000000000000	424.983000000000004	0.000000030796725
16.000000000000000	430.000999999999976	0.000000036512854
17.000000000000000	435.014000000000010	0.000000042804171
18.000000000000000	439.987000000000023	0.000000049527092
19.000000000000000	444.990999999999985	0.000000056661532
20.000000000000000	449.990999999999985	0.000000064259637
21.000000000000000	454.987000000000023	0.000000072190606
22.000000000000000	460.014000000000010	0.000000081130728
23.000000000000000	465.000000000000000	0.000000091088853
24.000000000000000	469.982000000000027	0.000000102019450
25.000000000000000	474.995000000000004	0.000000113877150
26.000000000000000	480.002999999999985	0.000000126246100
27.000000000000000	485.005999999999971	0.000000139366300
28.000000000000000	490.004000000000019	0.000000153269850
29.000000000000000	494.997000000000014	0.000000167135520
30.000000000000000	499.985000000000013	0.000000181146660
31.000000000000000	505.004000000000019	0.000000195153700
32.000000000000000	510.017999999999972	0.000000208964700
33.000000000000000	514.990000000000009	0.000000222383540
34.000000000000000	519.993000000000051	0.000000235179000
35.000000000000000	524.990999999999985	0.000000247218770
36.000000000000000	529.982999999999947	0.000000258236440
37.000000000000000	535.004999999999995	0.000000268516930
38.000000000000000	539.985999999999989	0.000000277314800
39.000000000000000	544.996999999999957	0.000000284052740
40.000000000000000	550.001999999999952	0.000000288420090
41.000000000000000	555.000999999999976	0.000000289500590
42.000000000000000	559.995000000000004	0.000000287456980
43.000000000000000	564.981999999999970	0.000000282214460
44.000000000000000	569.999999999999999	0.000000273420890
45.000000000000000	575.009999999999990	0.000000310998790
46.000000000000000	580.014999999999986	0.000000383410720
47.000000000000000	585.014000000000009	0.000000434702740
48.000000000000000	590.005999999999971	0.000000470657560
49.000000000000000	594.991999999999961	0.000000496463710
50.000000000000000	600.005999999999971	0.000000517131490
51.000000000000000	605.014999999999986	0.000000534104530
52.000000000000000	610.015999999999962	0.000000548553640
53.000000000000000	615.010999999999967	0.000000560743520
54.000000000000000	619.999000000000023	0.000000571090130
55.000000000000000	625.015999999999962	0.000000579716320
56.000000000000000	629.990000000000008	0.000000587238800
57.000000000000000	634.993000000000051	0.000000592925890
58.000000000000000	639.989000000000032	0.000000596736150
59.000000000000000	645.011999999999943	0.000000597676060
60.000000000000000	649.993000000000051	0.000000595285670
61.000000000000000	655.001999999999952	0.000000585244930
62.000000000000000	660.004000000000018	0.000000578738390
63.000000000000000	664.998000000000047	0.000000610692240
64.000000000000000	669.984000000000037	0.000000657582920
65.000000000000000	674.998000000000047	0.000000701709810
66.000000000000000	680.004000000000018	0.000000736144590
67.000000000000000	685.001999999999952	0.000000758509380
68.000000000000000	689.993000000000051	0.000000768014370
69.000000000000000	695.009999999999990	0.000000767257610
70.000000000000000	699.984000000000037	0.000000759698280
71.000000000000000	704.985000000000013	0.000000747915250
72.000000000000000	710.011999999999943	0.000000733046670
73.000000000000000	714.996999999999957	0.000000715922840
74.000000000000000	720.006999999999947	0.000000697560290
75.000000000000000	725.009000000000014	0.000000678244240
76.000000000000000	730.001999999999952	0.000000658174510
77.000000000000000	734.986999999999966	0.000000637447430
78.000000000000000	739.996999999999956	0.000000616101330
79.000000000000000	744.998000000000047	0.000000593541490
80.000000000000000	749.990999999999985	0.000000570691640
81.000000000000000	755.008000000000037	0.000000547071160
82.000000000000000	760.015999999999962	0.000000523110770
83.000000000000000	765.014999999999986	0.000000500082820
84.000000000000000	770.004999999999995	0.000000477455110
85.000000000000000	774.985000000000013	0.000000455253910
86.000000000000000	779.990000000000008	0.000000433378050
87.000000000000000	784.985000000000013	0.000000411968020
88.000000000000000	790.004000000000018	0.000000391004780
89.000000000000000	795.011999999999943	0.000000370964990
90.000000000000000	800.011999999999943	0.000000351857880
91.000000000000000	805.000999999999976	0.000000333948930
92.000000000000000	810.013000000000033	0.000000317456920
93.000000000000000	815.014999999999986	0.000000301453300
94.000000000000000	820.006999999999947	0.000000286907130
95.000000000000000	824.989000000000032	0.000000273081410
96.000000000000000	829.993000000000051	0.000000260133350
97.000000000000000	834.985999999999989	0.000000247850750
98.000000000000000	840.001999999999952	0.000000236626190
99.000000000000000	845.005999999999971	0.000000226268140
100.000000000000000	849.999999999999999	0.000000216741270
101.000000000000000	855.014999999999986	0.000000208082450
102.000000000000000	859.986999999999966	0.000000200191250
103.000000000000000	865.011999999999943	0.000000181953330
104.000000000000000	869.994000000000027	0.000000179234620
105.000000000000000	874.995999999999980	0.000000175329020
106.000000000000000	879.986999999999966	0.000000170909150
107.000000000000000	884.998000000000046	0.000000166047850
108.000000000000000	889.996999999999956	0.000000160844000
109.000000000000000	894.984000000000036	0.000000155512020
110.000000000000000	899.990999999999985	0.000000150032940
111.000000000000000	904.985999999999989	0.000000144564560
112.000000000000000	909.999999999999999	0.000000138947080
113.000000000000000	915.001999999999952	0.000000133349570
114.000000000000000	919.990999999999985	0.000000127889820
115.000000000000000	924.999000000000023	0.000000122386850
116.000000000000000	929.994000000000027	0.000000116703870
117.000000000000000	935.006999999999947	0.000000111111800
118.000000000000000	940.006999999999947	0.000000105907000
119.000000000000000	944.995000000000004	0.000000100886300
120.000000000000000	949.999000000000023	0.000000096181001
121.000000000000000	954.990000000000008	0.000000091604326
122.000000000000000	959.998000000000046	0.000000087112476
123.000000000000000	964.991999999999961	0.000000082871899
124.000000000000000	970.003000000000042	0.000000078868620
125.000000000000000	974.999999999999999	0.000000074884104
126.000000000000000	980.013000000000033	0.000000070906336
127.000000000000000	985.011999999999943	0.000000066962067
128.000000000000000	989.995000000000004	0.000000063061132
129.000000000000000	994.995000000000004	0.000000059177800
130.000000000000000	1000.009000000000010	0.000000055423128
131.000000000000000	1005.009000000000010	0.000000051715522
132.000000000000000	1009.993000000000050	0.000000047926148
133.000000000000000	1014.991999999999960	0.000000044123880
134.000000000000000	1020.004999999999990	0.000000040339570
135.000000000000000	1025.001999999999950	0.000000036618231
136.000000000000000	1030.011999999999940	0.000000032889025
137.000000000000000	1035.007000000000060	0.000000029265446
138.000000000000000	1040.015000000000100	0.000000025715041
139.000000000000000	1045.006000000000080	0.000000022325994
