0.000000000000000	350.004000000000019	0.000000000730319
1.000000000000000	355.005999999999971	0.000000001033977
2.000000000000000	360.004999999999995	0.000000001409721
3.000000000000000	365.000999999999976	0.000000001847518
4.000000000000000	369.992999999999995	0.000000002375699
5.000000000000000	375.017999999999972	0.000000003076437
6.000000000000000	380.002999999999986	0.000000004019822
7.000000000000000	384.983999999999980	0.000000005294123
8.000000000000000	389.997999999999990	0.000000007005472
9.000000000000000	395.007999999999981	0.000000009063447
10.000000000000000	400.014000000000010	0.000000011475932
11.000000000000000	405.016000000000019	0.000000014242849
12.000000000000000	410.014000000000010	0.000000017515814
13.000000000000000	415.007999999999981	0.000000021342998
14.000000000000000	419.997000000000014	0.000000025738035
15.000000000000000	424.983000000000004	0.000000030748586
16.000000000000000	430.000999999999976	0.000000036450678
17.000000000000000	435.014000000000010	0.000000042752159
18.000000000000000	439.987000000000023	0.000000049458933
19.000000000000000	444.990999999999985	0.000000056607254
20.000000000000000	449.990999999999985	0.000000064163194
21.000000000000000	454.987000000000023	0.000000072054012
22.000000000000000	460.014000000000010	0.000000080996164
23.000000000000000	465.000000000000000	0.000000090952377
24.000000000000000	469.982000000000027	0.000000101834230
25.000000000000000	474.995000000000004	0.000000113671750
26.000000000000000	480.002999999999985	0.000000126016910
27.000000000000000	485.005999999999971	0.000000139079750
28.000000000000000	490.004000000000019	0.000000152946950
29.000000000000000	494.997000000000014	0.000000166793640
30.000000000000000	499.985000000000013	0.000000180809830
31.000000000000000	505.004000000000019	0.000000194689600
32.000000000000000	510.017999999999972	0.000000208525990
33.000000000000000	514.990000000000009	0.000000221854360
34.000000000000000	519.993000000000051	0.000000234702920
35.000000000000000	524.990999999999985	0.000000246753800
36.000000000000000	529.982999999999947	0.000000257960490
37.000000000000000	535.004999999999995	0.000000268213160
38.000000000000000	539.985999999999989	0.000000276802640
39.000000000000000	544.996999999999957	0.000000283531770
40.000000000000000	550.001999999999952	0.000000287881300
41.000000000000000	555.000999999999976	0.000000288921430
42.000000000000000	559.995000000000004	0.000000287026280
43.000000000000000	564.981999999999970	0.000000281733160
44.000000000000000	569.999999999999999	0.000000273039710
45.000000000000000	575.009999999999990	0.000000310048100
46.000000000000000	580.014999999999986	0.000000382473110
47.000000000000000	585.014000000000009	0.000000433852040
48.000000000000000	590.005999999999971	0.000000469675290
49.000000000000000	594.991999999999961	0.000000495440440
50.000000000000000	600.005999999999971	0.000000516180900
51.000000000000000	605.014999999999986	0.000000533222510
52.000000000000000	610.015999999999962	0.000000547607100
53.000000000000000	615.010999999999967	0.000000559937880
54.000000000000000	619.999000000000023	0.000000570142570
55.000000000000000	625.015999999999962	0.000000578644570
56.000000000000000	629.990000000000008	0.000000585945720
57.000000000000000	634.993000000000051	0.000000591522310
58.000000000000000	639.989000000000032	0.000000595380340
59.000000000000000	645.011999999999943	0.000000596311710
60.000000000000000	649.993000000000051	0.000000593954120
61.000000000000000	655.001999999999952	0.000000583869720
62.000000000000000	660.004000000000018	0.000000577655810
63.000000000000000	664.998000000000047	0.000000609807480
64.000000000000000	669.984000000000037	0.000000656490950
65.000000000000000	674.998000000000047	0.000000700705640
66.000000000000000	680.004000000000018	0.000000735040570
67.000000000000000	685.001999999999952	0.000000757489070
68.000000000000000	689.993000000000051	0.000000766894040
69.000000000000000	695.009999999999990	0.000000766269990
70.000000000000000	699.984000000000037	0.000000758337070
71.000000000000000	704.985000000000013	0.000000746801660
72.000000000000000	710.011999999999943	0.000000731817390
73.000000000000000	714.996999999999957	0.000000714427360
74.000000000000000	720.006999999999947	0.000000696050670
75.000000000000000	725.009000000000014	0.000000676977070
76.000000000000000	730.001999999999952	0.000000656924120
77.000000000000000	734.986999999999966	0.000000636354020
78.000000000000000	739.996999999999956	0.000000615087090
79.000000000000000	744.998000000000047	0.000000592870240
80.000000000000000	749.990999999999985	0.000000569532160
81.000000000000000	755.008000000000037	0.000000546132650
82.000000000000000	760.015999999999962	0.000000522263000
83.000000000000000	765.014999999999986	0.000000499060480
84.000000000000000	770.004999999999995	0.000000476708030
85.000000000000000	774.985000000000013	0.000000454359790
86.000000000000000	779.990000000000008	0.000000432434280
87.000000000000000	784.985000000000013	0.000000411129380
88.000000000000000	790.004000000000018	0.000000390219530
89.000000000000000	795.011999999999943	0.000000370320660
90.000000000000000	800.011999999999943	0.000000351120340
91.000000000000000	805.000999999999976	0.000000333442570
92.000000000000000	810.013000000000033	0.000000316800690
93.000000000000000	815.014999999999986	0.000000301040130
94.000000000000000	820.006999999999947	0.000000286260360
95.000000000000000	824.989000000000032	0.000000272603620
96.000000000000000	829.993000000000051	0.000000259644080
97.000000000000000	834.985999999999989	0.000000247410840
98.000000000000000	840.001999999999952	0.000000236184720
99.000000000000000	845.005999999999971	0.000000225911490
100.000000000000000	849.999999999999999	0.000000216405780
101.000000000000000	855.014999999999986	0.000000207721010
102.000000000000000	859.986999999999966	0.000000199795890
103.000000000000000	865.011999999999943	0.000000181493790
104.000000000000000	869.994000000000027	0.000000178795750
105.000000000000000	874.995999999999980	0.000000174955520
106.000000000000000	879.986999999999966	0.000000170558330
107.000000000000000	884.998000000000046	0.000000165760780
108.000000000000000	889.996999999999956	0.000000160560660
109.000000000000000	894.984000000000036	0.000000155225930
110.000000000000000	899.990999999999985	0.000000149684260
111.000000000000000	904.985999999999989	0.000000144284440
112.000000000000000	909.999999999999999	0.000000138622850
113.000000000000000	915.001999999999952	0.000000133097810
114.000000000000000	919.990999999999985	0.000000127665300
115.000000000000000	924.999000000000023	0.000000122155250
116.000000000000000	929.994000000000027	0.000000116505970
117.000000000000000	935.006999999999947	0.000000110880960
118.000000000000000	940.006999999999947	0.000000105658330
119.000000000000000	944.995000000000004	0.000000100693620
120.000000000000000	949.999000000000023	0.000000095968779
121.000000000000000	954.990000000000008	0.000000091417812
122.000000000000000	959.998000000000046	0.000000086923355
123.000000000000000	964.991999999999961	0.000000082692624
124.000000000000000	970.003000000000042	0.000000078711961
125.000000000000000	974.999999999999999	0.000000074776457
126.000000000000000	980.013000000000033	0.000000070784984
127.000000000000000	985.011999999999943	0.000000066850037
128.000000000000000	989.995000000000004	0.000000062928672
129.000000000000000	994.995000000000004	0.000000059076307
130.000000000000000	1000.009000000000010	0.000000055363920
131.000000000000000	1005.009000000000010	0.000000051652100
132.000000000000000	1009.993000000000050	0.000000047869384
133.000000000000000	1014.991999999999960	0.000000044063495
134.000000000000000	1020.004999999999990	0.000000040287083
135.000000000000000	1025.001999999999950	0.000000036563164
136.000000000000000	1030.011999999999940	0.000000032832313
137.000000000000000	1035.007000000000060	0.000000029207278
138.000000000000000	1040.015000000000100	0.000000025682025
139.000000000000000	1045.006000000000080	0.000000022318803
