# Coherent scattering form factor
# (Excerpt from EPICS2017 / EPDL)
#
# Momentum  Form-factor
#  (MeV)
#
0.00000E+00 8.10000E+01
2.47969E-05 8.10000E+01
4.95937E-05 8.09884E+01
9.91875E-05 8.09767E+01
1.23984E-04 8.09730E+01
1.85976E-04 8.09490E+01
2.32471E-04 8.09358E+01
2.47969E-04 8.09320E+01
3.71953E-04 8.08730E+01
4.95937E-04 8.07760E+01
6.19922E-04 8.06520E+01
6.27361E-04 8.06422E+01
7.43906E-04 8.05030E+01
8.67890E-04 8.03281E+01
9.91875E-04 8.01330E+01
1.11586E-03 7.99210E+01
1.23984E-03 7.96870E+01
1.41032E-03 7.93241E+01
1.59630E-03 7.88944E+01
1.61180E-03 7.88545E+01
1.73578E-03 7.85490E+01
1.85976E-03 7.82239E+01
2.04574E-03 7.77298E+01
2.23172E-03 7.72140E+01
2.47969E-03 7.64950E+01
2.75096E-03 7.56790E+01
3.09961E-03 7.45930E+01
3.40957E-03 7.35947E+01
3.71953E-03 7.26040E+01
4.18447E-03 7.11024E+01
4.33945E-03 7.06080E+01
4.95937E-03 6.85960E+01
5.57929E-03 6.65832E+01
6.19922E-03 6.45900E+01
6.64792E-03 6.31078E+01
7.12910E-03 6.16596E+01
7.43906E-03 6.07120E+01
7.96304E-03 5.90759E+01
8.52392E-03 5.74839E+01
9.29882E-03 5.53118E+01
9.91875E-03 5.36570E+01
1.05204E-02 5.20925E+01
1.11586E-02 5.05736E+01
1.17785E-02 4.91385E+01
1.23984E-02 4.77800E+01
1.32958E-02 4.58865E+01
1.42582E-02 4.40680E+01
1.48781E-02 4.29440E+01
1.57806E-02 4.13601E+01
1.67379E-02 3.98347E+01
1.73578E-02 3.88760E+01
1.82640E-02 3.74994E+01
1.92176E-02 3.61716E+01
1.98375E-02 3.53220E+01
2.07465E-02 3.40826E+01
2.16973E-02 3.28866E+01
2.23172E-02 3.21140E+01
2.32285E-02 3.09827E+01
2.41769E-02 2.98912E+01
2.47969E-02 2.91850E+01
2.63467E-02 2.74871E+01
2.74851E-02 2.62972E+01
2.86726E-02 2.51589E+01
2.98117E-02 2.41090E+01
3.09961E-02 2.31030E+01
3.20982E-02 2.22249E+01
3.38254E-02 2.09700E+01
3.56455E-02 1.97859E+01
3.71953E-02 1.89090E+01
3.87141E-02 1.81666E+01
4.02949E-02 1.74533E+01
4.18160E-02 1.68554E+01
4.33945E-02 1.62779E+01
4.49443E-02 1.57658E+01
4.72118E-02 1.50852E+01
4.95937E-02 1.44340E+01
5.26021E-02 1.36923E+01
5.57929E-02 1.29888E+01
5.88109E-02 1.23901E+01
6.19922E-02 1.18190E+01
6.62547E-02 1.11177E+01
6.91609E-02 1.06325E+01
7.12910E-02 1.02549E+01
7.17745E-02 1.01661E+01
7.37360E-02 9.79355E+00
7.43906E-02 9.66440E+00
7.59404E-02 9.35062E+00
7.75813E-02 9.01219E+00
8.01094E-02 8.52736E+00
8.27199E-02 8.06862E+00
8.54326E-02 7.67350E+00
8.67890E-02 7.50940E+00
8.83388E-02 7.35062E+00
9.36061E-02 6.93665E+00
9.91875E-02 6.54600E+00
1.02287E-01 6.26625E+00
1.05000E-01 6.01155E+00
1.07347E-01 5.80455E+00
1.09746E-01 5.60467E+00
1.13695E-01 5.29926E+00
1.17785E-01 5.01049E+00
1.18646E-01 4.95301E+00
1.22204E-01 4.72634E+00
1.23984E-01 4.61920E+00
1.27084E-01 4.47836E+00
1.32509E-01 4.28011E+00
1.38476E-01 4.10270E+00
1.44712E-01 3.93264E+00
1.48781E-01 3.81920E+00
1.54980E-01 3.63665E+00
1.61804E-01 3.43782E+00
1.68929E-01 3.24986E+00
1.73578E-01 3.14250E+00
1.81161E-01 2.99196E+00
1.89076E-01 2.84864E+00
1.95275E-01 2.72976E+00
1.98375E-01 2.66640E+00
2.04574E-01 2.53024E+00
2.10000E-01 2.40699E+00
2.14693E-01 2.29948E+00
2.19492E-01 2.19678E+00
2.23812E-01 2.10817E+00
2.30452E-01 1.98192E+00
2.37289E-01 1.86323E+00
2.44408E-01 1.75952E+00
2.47969E-01 1.71420E+00
2.55730E-01 1.63056E+00
2.62971E-01 1.56734E+00
2.72989E-01 1.49791E+00
2.82164E-01 1.44823E+00
2.93397E-01 1.40044E+00
3.03216E-01 1.36702E+00
3.21533E-01 1.32003E+00
3.40957E-01 1.27465E+00
3.71953E-01 1.20760E+00
3.87451E-01 1.17026E+00
4.01015E-01 1.13582E+00
4.24746E-01 1.07359E+00
4.42550E-01 1.02664E+00
4.55695E-01 9.91627E-01
4.69231E-01 9.57809E-01
4.82399E-01 9.24428E-01
4.95937E-01 8.92210E-01
5.12906E-01 8.51975E-01
5.30455E-01 8.13555E-01
5.46744E-01 7.78404E-01
5.63534E-01 7.44772E-01
5.84279E-01 7.04151E-01
6.05787E-01 6.65745E-01
6.25286E-01 6.32055E-01
6.45413E-01 6.00069E-01
6.63412E-01 5.72392E-01
6.81914E-01 5.45991E-01
6.99991E-01 5.21290E-01
7.24591E-01 4.89392E-01
7.50056E-01 4.59446E-01
7.64914E-01 4.42481E-01
7.87756E-01 4.18200E-01
8.11279E-01 3.95252E-01
8.37632E-01 3.70728E-01
8.64840E-01 3.47726E-01
8.81219E-01 3.34395E-01
9.06370E-01 3.15351E-01
9.32238E-01 2.97392E-01
9.60018E-01 2.79115E-01
9.88626E-01 2.61961E-01
1.01033E+00 2.49531E-01
1.04378E+00 2.31984E-01
1.07834E+00 2.15670E-01
1.09799E+00 2.06813E-01
1.12813E+00 1.94204E-01
1.15910E+00 1.82364E-01
1.17878E+00 1.75160E-01
1.20893E+00 1.64883E-01
1.23984E+00 1.55210E-01
1.26246E+00 1.48449E-01
1.29717E+00 1.38855E-01
1.33283E+00 1.29881E-01
1.37291E+00 1.20533E-01
1.41419E+00 1.11858E-01
1.44852E+00 1.05143E-01
1.47481E+00 1.00372E-01
1.51514E+00 9.36195E-02
1.55657E+00 8.73209E-02
1.60133E+00 8.10100E-02
1.63574E+00 7.65780E-02
1.66203E+00 7.34138E-02
1.70226E+00 6.89110E-02
1.74347E+00 6.46844E-02
1.77183E+00 6.19247E-02
1.82259E+00 5.73756E-02
1.86161E+00 5.41845E-02
1.89142E+00 5.19081E-02
1.93703E+00 4.86717E-02
1.98375E+00 4.56370E-02
2.03986E+00 4.22763E-02
2.09026E+00 3.95394E-02
2.13538E+00 3.72903E-02
2.17565E+00 3.54275E-02
2.21152E+00 3.38741E-02
2.24339E+00 3.25709E-02
2.30026E+00 3.04096E-02
2.34386E+00 2.88834E-02
2.37710E+00 2.77892E-02
2.42785E+00 2.62251E-02
2.47969E+00 2.47490E-02
2.53398E+00 2.33182E-02
2.58772E+00 2.20111E-02
2.64086E+00 2.08147E-02
2.69338E+00 1.97177E-02
2.74526E+00 1.87102E-02
2.79647E+00 1.77833E-02
2.84699E+00 1.69292E-02
2.89680E+00 1.61409E-02
2.94588E+00 1.54122E-02
2.99422E+00 1.47377E-02
3.04181E+00 1.41125E-02
3.08863E+00 1.35321E-02
3.13468E+00 1.29926E-02
3.17994E+00 1.24905E-02
3.26951E+00 1.15722E-02
3.35576E+00 1.07727E-02
3.43870E+00 1.00734E-02
3.51830E+00 9.45909E-03
3.59461E+00 8.91725E-03
3.66765E+00 8.43750E-03
3.73747E+00 8.01120E-03
3.80413E+00 7.63113E-03
3.86771E+00 7.29120E-03
3.92828E+00 6.98629E-03
3.98592E+00 6.71202E-03
4.09629E+00 6.22646E-03
4.19537E+00 5.83050E-03
4.28403E+00 5.50474E-03
4.36314E+00 5.23467E-03
4.43356E+00 5.00925E-03
4.49611E+00 4.81999E-03
4.60770E+00 4.50582E-03
4.69321E+00 4.28370E-03
4.82446E+00 3.97089E-03
4.95937E+00 3.68092E-03
5.03846E+00 3.52425E-03
5.11374E+00 3.38344E-03
5.25795E+00 3.13440E-03
5.38746E+00 2.93157E-03
5.50340E+00 2.76490E-03
5.60689E+00 2.62685E-03
5.69904E+00 2.51172E-03
5.78092E+00 2.41513E-03
5.92703E+00 2.25495E-03
6.03904E+00 2.14183E-03
6.12443E+00 2.06072E-03
6.25479E+00 1.94479E-03
6.38792E+00 1.83538E-03
6.51351E+00 1.74012E-03
6.63752E+00 1.65255E-03
6.75991E+00 1.57192E-03
6.88063E+00 1.49757E-03
6.99963E+00 1.42889E-03
7.11687E+00 1.36537E-03
7.23232E+00 1.30653E-03
7.34595E+00 1.25194E-03
7.45773E+00 1.20123E-03
7.56764E+00 1.15407E-03
7.67566E+00 1.11015E-03
7.88935E+00 1.02976E-03
8.09509E+00 9.59681E-04
8.29284E+00 8.98322E-04
8.48262E+00 8.44366E-04
8.66448E+00 7.96729E-04
8.83851E+00 7.54513E-04
9.00483E+00 7.16969E-04
9.16361E+00 6.83471E-04
9.31500E+00 6.53489E-04
9.45920E+00 6.26576E-04
9.59641E+00 6.02353E-04
9.85907E+00 5.59430E-04
1.00948E+01 5.24389E-04
1.03057E+01 4.95534E-04
1.04938E+01 4.71591E-04
1.06612E+01 4.51592E-04
1.09607E+01 4.18612E-04
1.11908E+01 3.95468E-04
1.13665E+01 3.78954E-04
1.16353E+01 3.55466E-04
1.19104E+01 3.33434E-04
1.22367E+01 3.09773E-04
1.25507E+01 2.89118E-04
1.28524E+01 2.71006E-04
1.31418E+01 2.55058E-04
1.34191E+01 2.40961E-04
1.36843E+01 2.28453E-04
1.39377E+01 2.17317E-04
1.41795E+01 2.07370E-04
1.44100E+01 1.98459E-04
1.46296E+01 1.90453E-04
1.48384E+01 1.83241E-04
1.52380E+01 1.70447E-04
1.55965E+01 1.59986E-04
1.59171E+01 1.51362E-04
1.62031E+01 1.44197E-04
1.64575E+01 1.38207E-04
1.69123E+01 1.28317E-04
1.72617E+01 1.21367E-04
1.75284E+01 1.16402E-04
1.79363E+01 1.09333E-04
1.83536E+01 1.02694E-04
1.87021E+01 9.75898E-05
1.90347E+01 9.30353E-05
1.93519E+01 8.89586E-05
1.96541E+01 8.52992E-05
1.99417E+01 8.20052E-05
2.04924E+01 7.61681E-05
2.09866E+01 7.14025E-05
2.14289E+01 6.74778E-05
2.18235E+01 6.42211E-05
2.21747E+01 6.15007E-05
2.28030E+01 5.70143E-05
2.32859E+01 5.38656E-05
2.36548E+01 5.16187E-05
2.42191E+01 4.84229E-05
2.47969E+01 4.54250E-05
2.52579E+01 4.32217E-05
2.56979E+01 4.12534E-05
2.61174E+01 3.94895E-05
2.65169E+01 3.79044E-05
2.68969E+01 3.64762E-05
2.76243E+01 3.39418E-05
2.82768E+01 3.18691E-05
2.88604E+01 3.01596E-05
2.93810E+01 2.87391E-05
2.98441E+01 2.75512E-05
3.06723E+01 2.55893E-05
3.13085E+01 2.42102E-05
3.17942E+01 2.32248E-05
3.25371E+01 2.18214E-05
3.32972E+01 2.05028E-05
3.38178E+01 1.96666E-05
3.43299E+01 1.88891E-05
3.48333E+01 1.81653E-05
3.58299E+01 1.68407E-05
3.67900E+01 1.56868E-05
3.77135E+01 1.46770E-05
3.86004E+01 1.37893E-05
3.94507E+01 1.30060E-05
4.02649E+01 1.23121E-05
4.10434E+01 1.16952E-05
4.17870E+01 1.11450E-05
4.24963E+01 1.06527E-05
4.31722E+01 1.02109E-05
4.38156E+01 9.81343E-06
4.50480E+01 9.10935E-06
4.61548E+01 8.53485E-06
4.71455E+01 8.06196E-06
4.80297E+01 7.66972E-06
4.88171E+01 7.34220E-06
4.95166E+01 7.06711E-06
5.07649E+01 6.61028E-06
5.17217E+01 6.28714E-06
5.31909E+01 5.83181E-06
5.47019E+01 5.40945E-06
5.58135E+01 5.12716E-06
5.69118E+01 4.86775E-06
5.79965E+01 4.62897E-06
5.90669E+01 4.40882E-06
6.01228E+01 4.20555E-06
6.11636E+01 4.01757E-06
6.21892E+01 3.84348E-06
6.31990E+01 3.68202E-06
6.41929E+01 3.53209E-06
6.51707E+01 3.39266E-06
6.61321E+01 3.26284E-06
6.80354E+01 3.02528E-06
6.98695E+01 2.81830E-06
7.16338E+01 2.63714E-06
7.33283E+01 2.47789E-06
7.49532E+01 2.33734E-06
7.65093E+01 2.21282E-06
7.79975E+01 2.10212E-06
7.94189E+01 2.00337E-06
8.07750E+01 1.91501E-06
8.20674E+01 1.83572E-06
8.32977E+01 1.76436E-06
8.56546E+01 1.63796E-06
8.77715E+01 1.53481E-06
8.96667E+01 1.44990E-06
9.13585E+01 1.37947E-06
9.28650E+01 1.32065E-06
9.55614E+01 1.22368E-06
9.76349E+01 1.15566E-06
9.92196E+01 1.10714E-06
