# Coherent scattering form factor
# (Excerpt from EPICS2017 / EPDL)
#
# Momentum  Form-factor
#  (MeV)
#
0.00000E+00 6.90000E+01
2.47969E-05 6.90000E+01
4.95937E-05 6.89858E+01
9.91875E-05 6.89716E+01
1.23984E-04 6.89670E+01
2.47969E-04 6.89220E+01
3.40957E-04 6.88799E+01
3.71953E-04 6.88600E+01
4.64941E-04 6.87836E+01
4.95937E-04 6.87540E+01
5.88926E-04 6.86558E+01
6.19922E-04 6.86200E+01
6.27361E-04 6.86100E+01
7.12910E-04 6.85027E+01
7.43906E-04 6.84600E+01
8.52392E-04 6.82951E+01
9.45381E-04 6.81437E+01
9.91875E-04 6.80710E+01
1.10036E-03 6.78830E+01
1.19335E-03 6.77087E+01
1.23984E-03 6.76240E+01
1.36383E-03 6.73663E+01
1.45682E-03 6.71614E+01
1.59630E-03 6.68426E+01
1.61180E-03 6.68049E+01
1.73578E-03 6.65160E+01
1.85976E-03 6.62175E+01
2.04574E-03 6.57713E+01
2.23172E-03 6.53130E+01
2.47969E-03 6.46860E+01
3.09961E-03 6.31150E+01
3.71953E-03 6.14870E+01
4.33945E-03 5.98510E+01
4.95937E-03 5.81610E+01
5.57929E-03 5.64205E+01
6.19922E-03 5.46680E+01
6.64792E-03 5.33520E+01
7.12910E-03 5.20676E+01
7.43906E-03 5.12210E+01
7.96304E-03 4.97531E+01
8.52392E-03 4.83273E+01
8.67890E-03 4.79299E+01
9.45381E-03 4.59924E+01
9.91875E-03 4.48860E+01
1.05204E-02 4.34737E+01
1.11586E-02 4.21058E+01
1.17622E-02 4.08125E+01
1.23984E-02 3.95590E+01
1.30036E-02 3.83676E+01
1.36383E-02 3.72120E+01
1.42582E-02 3.61011E+01
1.48781E-02 3.50330E+01
1.54856E-02 3.40016E+01
1.61180E-02 3.30005E+01
1.73578E-02 3.11070E+01
1.82640E-02 2.97838E+01
1.92176E-02 2.85169E+01
1.98375E-02 2.77220E+01
2.10408E-02 2.62563E+01
2.23172E-02 2.48680E+01
2.35244E-02 2.36612E+01
2.47969E-02 2.25130E+01
2.63010E-02 2.13106E+01
2.78965E-02 2.01724E+01
2.94463E-02 1.92115E+01
3.09961E-02 1.83720E+01
3.25090E-02 1.76666E+01
3.40957E-02 1.69883E+01
3.56455E-02 1.64087E+01
3.71953E-02 1.58830E+01
3.87141E-02 1.54097E+01
4.02949E-02 1.49506E+01
4.14579E-02 1.46232E+01
4.43641E-02 1.38213E+01
4.49443E-02 1.36612E+01
4.69777E-02 1.30964E+01
4.89391E-02 1.25410E+01
4.95937E-02 1.23540E+01
5.11435E-02 1.19059E+01
5.34177E-02 1.12531E+01
5.57929E-02 1.06360E+01
5.75098E-02 1.02293E+01
5.92794E-02 9.83812E+00
6.19922E-02 9.33140E+00
6.53869E-02 8.81916E+00
6.89675E-02 8.33503E+00
7.09042E-02 8.05956E+00
7.12910E-02 8.00291E+00
7.32276E-02 7.70472E+00
7.43906E-02 7.51380E+00
7.59404E-02 7.24645E+00
7.75813E-02 6.95542E+00
8.01094E-02 6.54064E+00
8.27199E-02 6.15059E+00
8.47557E-02 5.89841E+00
8.67890E-02 5.69620E+00
8.90158E-02 5.53240E+00
9.20683E-02 5.37700E+00
9.91875E-02 5.09720E+00
1.02287E-01 4.95777E+00
1.05000E-01 4.82316E+00
1.09746E-01 4.57532E+00
1.13144E-01 4.39600E+00
1.18440E-01 4.14010E+00
1.23984E-01 3.89910E+00
1.27689E-01 3.76034E+00
1.33456E-01 3.56140E+00
1.39482E-01 3.37298E+00
1.45682E-01 3.17658E+00
1.48781E-01 3.07620E+00
1.54980E-01 2.87164E+00
1.60688E-01 2.69727E+00
1.66605E-01 2.53349E+00
1.71255E-01 2.42688E+00
1.73578E-01 2.38080E+00
1.79777E-01 2.27998E+00
1.85499E-01 2.20147E+00
1.91402E-01 2.12566E+00
1.96051E-01 2.06197E+00
1.98375E-01 2.02800E+00
2.01475E-01 1.97975E+00
2.06772E-01 1.88235E+00
2.11522E-01 1.80106E+00
2.15767E-01 1.73282E+00
2.23403E-01 1.61956E+00
2.29306E-01 1.53950E+00
2.33836E-01 1.48207E+00
2.40799E-01 1.39991E+00
2.47969E-01 1.32230E+00
2.55606E-01 1.26393E+00
2.62872E-01 1.22047E+00
2.69691E-01 1.18785E+00
2.79163E-01 1.15255E+00
2.90768E-01 1.12066E+00
3.00910E-01 1.09962E+00
3.22352E-01 1.06531E+00
3.45321E-01 1.03208E+00
3.58637E-01 1.00948E+00
3.71953E-01 9.83000E-01
3.86955E-01 9.47856E-01
4.00593E-01 9.12631E-01
4.18075E-01 8.64978E-01
4.37541E-01 8.11042E-01
4.52146E-01 7.71181E-01
4.62964E-01 7.41948E-01
4.74042E-01 7.13824E-01
4.84866E-01 6.86608E-01
4.95937E-01 6.60430E-01
5.12906E-01 6.21684E-01
5.30455E-01 5.85212E-01
5.46744E-01 5.52934E-01
5.63534E-01 5.22436E-01
5.84279E-01 4.86767E-01
6.05787E-01 4.53534E-01
6.25286E-01 4.25203E-01
6.45413E-01 3.98641E-01
6.58773E-01 3.81694E-01
6.79334E-01 3.57616E-01
7.00536E-01 3.35056E-01
7.17200E-01 3.18226E-01
7.34260E-01 3.02241E-01
7.49570E-01 2.88443E-01
7.73136E-01 2.68918E-01
7.97442E-01 2.50714E-01
8.10921E-01 2.41056E-01
8.31567E-01 2.27263E-01
8.52739E-01 2.14259E-01
8.67890E-01 2.05421E-01
8.94691E-01 1.90787E-01
9.22319E-01 1.77196E-01
9.36537E-01 1.70568E-01
9.58275E-01 1.61088E-01
9.80518E-01 1.52135E-01
1.00289E+00 1.43572E-01
1.02001E+00 1.37468E-01
1.04624E+00 1.28794E-01
1.07313E+00 1.20668E-01
1.09339E+00 1.14841E-01
1.12451E+00 1.06623E-01
1.15650E+00 9.89932E-02
1.17680E+00 9.44279E-02
1.20791E+00 8.79718E-02
1.23984E+00 8.19570E-02
1.27199E+00 7.63071E-02
1.29665E+00 7.23268E-02
1.31545E+00 6.94785E-02
1.34417E+00 6.54148E-02
1.37352E+00 6.15889E-02
1.40067E+00 5.82396E-02
1.42139E+00 5.58477E-02
1.45303E+00 5.24428E-02
1.48538E+00 4.92455E-02
1.50654E+00 4.72571E-02
1.54431E+00 4.39685E-02
1.57325E+00 4.16532E-02
1.59531E+00 3.99971E-02
1.62899E+00 3.76355E-02
1.66337E+00 3.54134E-02
1.70040E+00 3.31737E-02
1.73348E+00 3.13305E-02
1.76295E+00 2.98019E-02
1.78915E+00 2.85256E-02
1.83593E+00 2.64223E-02
1.87182E+00 2.49472E-02
1.89919E+00 2.38952E-02
1.94101E+00 2.23998E-02
1.98375E+00 2.09980E-02
2.01161E+00 2.01397E-02
2.03808E+00 1.93669E-02
2.08867E+00 1.79970E-02
2.13395E+00 1.68780E-02
2.17438E+00 1.59562E-02
2.21039E+00 1.51909E-02
2.24238E+00 1.45515E-02
2.29949E+00 1.34966E-02
2.34327E+00 1.27559E-02
2.37666E+00 1.22272E-02
2.42762E+00 1.14750E-02
2.47969E+00 1.07690E-02
2.51704E+00 1.02995E-02
2.55258E+00 9.87796E-03
2.58635E+00 9.49844E-03
2.65087E+00 8.82571E-03
2.70865E+00 8.27627E-03
2.76024E+00 7.82364E-03
2.80619E+00 7.44795E-03
2.84702E+00 7.13404E-03
2.91990E+00 6.61621E-03
2.97579E+00 6.25265E-03
3.01840E+00 5.99316E-03
3.08347E+00 5.62397E-03
3.14995E+00 5.27752E-03
3.23110E+00 4.89420E-03
3.30383E+00 4.58170E-03
3.36881E+00 4.32468E-03
3.42671E+00 4.11163E-03
3.47819E+00 3.93385E-03
3.52387E+00 3.78461E-03
3.60526E+00 3.53693E-03
3.66753E+00 3.36186E-03
3.76296E+00 3.11538E-03
3.86087E+00 2.88697E-03
3.94001E+00 2.71955E-03
4.01568E+00 2.57141E-03
4.08794E+00 2.43988E-03
4.15686E+00 2.32268E-03
4.22253E+00 2.21792E-03
4.28504E+00 2.12401E-03
4.34448E+00 2.03958E-03
4.45816E+00 1.89022E-03
4.56007E+00 1.76852E-03
4.65115E+00 1.66849E-03
4.73234E+00 1.58561E-03
4.80454E+00 1.51647E-03
4.86862E+00 1.45846E-03
4.98282E+00 1.36222E-03
5.07022E+00 1.29423E-03
5.20421E+00 1.19856E-03
5.34174E+00 1.10996E-03
5.48046E+00 1.02975E-03
5.60479E+00 9.64335E-04
5.71589E+00 9.10515E-04
5.81491E+00 8.65893E-04
5.90296E+00 8.28646E-04
6.06027E+00 7.67277E-04
6.18099E+00 7.24252E-04
6.27311E+00 6.93574E-04
6.41386E+00 6.49976E-04
6.55778E+00 6.09119E-04
6.68121E+00 5.76958E-04
6.79904E+00 5.48352E-04
6.91140E+00 5.22822E-04
7.01841E+00 4.99969E-04
7.12024E+00 4.79453E-04
7.21705E+00 4.60983E-04
7.40213E+00 4.28250E-04
7.56796E+00 4.01520E-04
7.71611E+00 3.79504E-04
7.84811E+00 3.61233E-04
7.96547E+00 3.45968E-04
8.17508E+00 3.20791E-04
8.33591E+00 3.03118E-04
8.45860E+00 2.90505E-04
8.64602E+00 2.72563E-04
8.83760E+00 2.55729E-04
9.03472E+00 2.39945E-04
9.22351E+00 2.26034E-04
9.40408E+00 2.13726E-04
9.57658E+00 2.02796E-04
9.74116E+00 1.93058E-04
9.89803E+00 1.84353E-04
1.00474E+01 1.76550E-04
1.01895E+01 1.69534E-04
1.04613E+01 1.57122E-04
1.07051E+01 1.47009E-04
1.09230E+01 1.38696E-04
1.11174E+01 1.31809E-04
1.12903E+01 1.26063E-04
1.14438E+01 1.21242E-04
1.17174E+01 1.13244E-04
1.19269E+01 1.07594E-04
1.22482E+01 9.96424E-05
1.25782E+01 9.22787E-05
1.28145E+01 8.74800E-05
1.30401E+01 8.32081E-05
1.32552E+01 7.93928E-05
1.34601E+01 7.59750E-05
1.36550E+01 7.29046E-05
1.38404E+01 7.01389E-05
1.41946E+01 6.52328E-05
1.45121E+01 6.12223E-05
1.47956E+01 5.79160E-05
1.50483E+01 5.51697E-05
1.52729E+01 5.28737E-05
1.56741E+01 4.90833E-05
1.59819E+01 4.64200E-05
1.62167E+01 4.45177E-05
1.65753E+01 4.18095E-05
1.69420E+01 3.92660E-05
1.73502E+01 3.66895E-05
1.77418E+01 3.44277E-05
1.81169E+01 3.24341E-05
1.84758E+01 3.06701E-05
1.88187E+01 2.91036E-05
1.91460E+01 2.77077E-05
1.94580E+01 2.64599E-05
1.97551E+01 2.53412E-05
2.00378E+01 2.43355E-05
2.05787E+01 2.25559E-05
2.10640E+01 2.11060E-05
2.14980E+01 1.99139E-05
2.18850E+01 1.89262E-05
2.22294E+01 1.81022E-05
2.25352E+01 1.74107E-05
2.30805E+01 1.62636E-05
2.34981E+01 1.54531E-05
2.41388E+01 1.43124E-05
2.47969E+01 1.32560E-05
2.52579E+01 1.25818E-05
2.56979E+01 1.19809E-05
2.61174E+01 1.14437E-05
2.65169E+01 1.09619E-05
2.68969E+01 1.05287E-05
2.76243E+01 9.76205E-06
2.82768E+01 9.13716E-06
2.88604E+01 8.62328E-06
2.93810E+01 8.19740E-06
2.98441E+01 7.84204E-06
3.02554E+01 7.54376E-06
3.09887E+01 7.04882E-06
3.15504E+01 6.69904E-06
3.24121E+01 6.20664E-06
3.32972E+01 5.75044E-06
3.38178E+01 5.50468E-06
3.43299E+01 5.27662E-06
3.48333E+01 5.06470E-06
3.53281E+01 4.86753E-06
3.58141E+01 4.68384E-06
3.67748E+01 4.34743E-06
3.76989E+01 4.05403E-06
3.85863E+01 3.79697E-06
3.94373E+01 3.57080E-06
4.02520E+01 3.37102E-06
4.10311E+01 3.19389E-06
4.17753E+01 3.03629E-06
4.24851E+01 2.89561E-06
4.31616E+01 2.76965E-06
4.38055E+01 2.65654E-06
4.44179E+01 2.55470E-06
4.55894E+01 2.37416E-06
4.66397E+01 2.22668E-06
4.75786E+01 2.10517E-06
4.84156E+01 2.00430E-06
4.91601E+01 1.92002E-06
5.04906E+01 1.78095E-06
5.15120E+01 1.68331E-06
5.22916E+01 1.61360E-06
5.34832E+01 1.51442E-06
5.47019E+01 1.42133E-06
5.58135E+01 1.34372E-06
5.69118E+01 1.27257E-06
5.79965E+01 1.20724E-06
5.90669E+01 1.14716E-06
6.01228E+01 1.09180E-06
6.11636E+01 1.04073E-06
6.21892E+01 9.93527E-07
6.31990E+01 9.49843E-07
6.41929E+01 9.09357E-07
6.51707E+01 8.71783E-07
6.61321E+01 8.36864E-07
6.70770E+01 8.04371E-07
6.89463E+01 7.44962E-07
7.07461E+01 6.93257E-07
7.24761E+01 6.48048E-07
7.41363E+01 6.08346E-07
7.57273E+01 5.73337E-07
7.72498E+01 5.42348E-07
7.87050E+01 5.14818E-07
8.00941E+01 4.90280E-07
8.14186E+01 4.68339E-07
8.26803E+01 4.48662E-07
8.38808E+01 4.30966E-07
8.61790E+01 3.99645E-07
8.82415E+01 3.74113E-07
9.00867E+01 3.53114E-07
9.17328E+01 3.35709E-07
9.31978E+01 3.21185E-07
9.44989E+01 3.08992E-07
9.68197E+01 2.88759E-07
9.85975E+01 2.74458E-07
